4.025147658995445465e-01 1.210160244028520155e-01 9.251666134484641535e-02 9.200007636064176653e-02 1.351898874899805369e-01 1.856427815572271878e-01 1.946439535478634020e-01 3.446358948721439108e-01 1.239035154540370831e+00
5.031434573744306693e-01 2.471241450049560875e-02 6.195413814948811521e-02 1.026480695186538644e-01 1.202613886180221303e-01 1.030498470931490440e-01 1.791568229815564128e-01 4.888416517621732016e-01 1.978484771085569305e+00
6.037721488493168476e-01 6.031742332177596894e-02 1.796135562534397212e-01 2.913738079785132551e-01 2.723452193670984345e-01 2.967772657291827265e-01 3.879270556971952666e-01 9.552863937937494665e-01 2.888852078519126731e+00
7.044008403242029148e-01 3.596182683019921722e-02 1.437804998287856018e-01 1.732708599161415508e-01 1.645511870896299300e-01 2.930089476748486965e-01 4.028595616489020759e-01 1.038723088755588719e+00 3.404609562197942196e+00
8.050295317990890931e-01 2.810750764123268186e-02 1.340861087558903320e-01 1.683571911973384960e-01 1.903996027891533827e-01 3.595363738654730468e-01 5.655861868563734074e-01 1.635511313830958713e+00 4.557865144299609206e+00
9.056582232739752714e-01 3.248504430968950085e-02 1.598849438876803475e-01 1.630087702341845857e-01 1.572303072289103210e-01 2.863044054966468743e-01 4.514308967561438402e-01 1.490499665980935529e+00 3.512848833020940198e+00
1.006286914748861339e+00 3.007481264370219509e-02 2.059061033446878408e-01 2.019684119145528922e-01 2.391660548561334865e-01 3.482338300513306284e-01 7.064343821974958804e-01 1.628267530193354684e+00 3.012313136913054468e+00
1.106915606223747517e+00 3.207111089352664840e-02 2.350944942895927536e-01 2.063568993021354381e-01 2.856000541649131308e-01 4.491182391493963588e-01 9.734535035991217500e-01 1.814891523880158619e+00 3.036743532044937854e+00
1.207544297698633695e+00 2.943501398245177217e-02 2.162762892971776818e-01 2.228074909052232822e-01 3.012584809728544588e-01 5.760529687885397321e-01 9.896340939834969985e-01 1.805075419127812442e+00 2.842753412793601164e+00
1.308172989173519873e+00 3.235452313956284354e-02 2.424779837926239745e-01 2.669011819416274855e-01 3.452586494157259267e-01 6.853882686975163452e-01 1.022507654272050370e+00 1.934985485231306646e+00 2.408894591398256235e+00
1.408801680648405830e+00 3.339375010993659437e-02 2.477888800552449644e-01 3.387173675984728183e-01 3.858432131556474576e-01 7.314664405344688536e-01 1.170375613250865365e+00 1.981764298081055697e+00 2.536412329836415402e+00
1.509430372123292008e+00 3.419463143802950467e-02 2.982971319454051917e-01 3.416485024395762293e-01 4.492066326876003601e-01 7.147978196050087663e-01 1.325542054342134790e+00 2.391453414274818279e+00 2.688390209590639124e+00
1.610059063598178186e+00 3.637782613782322011e-02 3.683146380433847122e-01 4.920197049228278718e-01 5.471796717839609858e-01 7.728894166596802506e-01 1.349730522605744998e+00 2.128553484101701976e+00 2.216247990061523065e+00
1.710687755073064364e+00 3.762281048897430508e-02 4.293871759693724810e-01 5.259046069256914091e-01 5.928651470636587817e-01 7.980407243755230917e-01 1.299672644519995757e+00 1.848805418806816148e+00 1.868017653734329153e+00
1.811316446547950543e+00 4.020525398658359589e-02 4.578489946790382237e-01 5.593231053003905329e-01 6.643883596216824117e-01 8.657282027414286985e-01 1.296034013338289714e+00 1.610118178076695994e+00 1.647143719956849717e+00
1.911945138022836499e+00 4.186006503724893496e-02 5.285285802760222307e-01 6.248551538951069295e-01 6.989915020235385468e-01 1.006630443584545231e+00 1.253832010013437914e+00 1.507134970014889941e+00 1.468719415728952926e+00
2.012573829497722677e+00 4.463395718562643971e-02 5.422285084923169629e-01 5.819953550189119751e-01 6.577932620406568009e-01 8.060026519699875491e-01 1.332705646751776607e+00 1.466493685986516526e+00 1.023950462366362002e+00
2.113202520972608855e+00 4.644242544370463799e-02 5.447730920101262475e-01 5.742750361071140563e-01 5.924632839787813410e-01 8.883716524668241465e-01 1.282785185196053002e+00 1.173347098421699597e+00 8.700338228639175053e-01
2.213831212447495034e+00 5.058371894471898333e-02 5.007413078180444899e-01 5.854511246514930711e-01 5.714181546273428003e-01 8.920281300873298402e-01 1.185395356063827732e+00 9.954895534236373189e-01 7.930107346546126923e-01
2.314459903922381212e+00 5.598186216993736308e-02 4.744723394862431221e-01 5.448838484272368055e-01 6.183211675062938451e-01 8.090752813683939060e-01 9.767720329739798535e-01 8.455209467364556142e-01 8.007512360592211609e-01
2.415088595397267390e+00 6.291007001155198008e-02 5.111820591948409431e-01 6.039901520396858681e-01 7.469742673107178099e-01 8.067255414310221528e-01 8.266976487396131557e-01 7.285903778244897655e-01 7.762137162104424393e-01
2.515717286872153569e+00 7.476643090927628799e-02 6.455332388051345793e-01 6.444745319874524148e-01 7.745303625537126591e-01 8.847168641272392664e-01 8.567205236805583990e-01 6.096785876303785212e-01 6.569844770210852003e-01
2.616345978347039747e+00 8.286229784455653724e-02 6.876953676157822049e-01 6.496566028498966805e-01 8.599726107154885835e-01 8.942525735684699884e-01 7.450182201668490434e-01 6.276164422486320005e-01 5.093595103040073901e-01
2.716974669821925481e+00 9.756976228338737345e-02 8.272858846459327786e-01 7.254850732103910183e-01 7.898830530858735877e-01 9.415172592458146417e-01 6.809247220557038682e-01 5.658325032465620907e-01 4.249325040546556576e-01
2.817603361296811659e+00 1.110157069523510093e-01 7.516141236096837153e-01 7.425189494546614588e-01 7.892297371927720073e-01 8.265719778653497496e-01 6.783529114194267740e-01 5.636372882421635255e-01 4.032620505683552348e-01
2.918232052771697838e+00 1.408520863323691474e-01 7.314544434446348387e-01 7.559953530244134523e-01 7.651105946706070471e-01 8.282011279487516697e-01 7.281404023960856842e-01 5.103659411938229473e-01 3.836245218725196082e-01
3.018860744246584016e+00 1.819977737855244249e-01 7.539394034224830010e-01 6.924652230059981095e-01 8.043072172914883522e-01 7.500988336055123273e-01 6.710643497753320252e-01 6.102832292221025412e-01 4.021925030606408047e-01
3.119489435721470194e+00 2.376602548035675888e-01 8.350779731512248949e-01 7.834639761727094642e-01 9.049592580664918007e-01 6.648957220232335485e-01 5.268793015969659432e-01 5.415851109839694422e-01 3.920430430048513770e-01
3.220118127196356372e+00 3.579855334075444651e-01 8.254427960877527282e-01 6.983723364532492539e-01 8.489157894308193564e-01 5.408497860975264304e-01 5.024271719456495644e-01 4.973959771188327661e-01 3.758917815541547580e-01
3.320746818671242551e+00 5.258364440913844140e-01 1.031072056179023866e+00 1.005202926583014689e+00 9.259045744606928530e-01 6.136450012590717318e-01 4.863132794578601259e-01 4.876295683538979797e-01 3.767804469371854315e-01
3.421375510146128729e+00 9.206655371737101357e-01 9.596460760743740215e-01 1.006956322342991816e+00 8.194775841507367931e-01 6.281402928791829376e-01 4.198955912766580978e-01 4.417524110173211560e-01 3.535478769725923787e-01
3.522004201621014907e+00 1.419947076085038562e+00 1.030088586180020194e+00 9.920683759434594240e-01 7.785263481144402142e-01 6.632292523169345255e-01 5.379763928517714566e-01 4.463561605258605236e-01 3.150451367606598718e-01
3.622632893095901085e+00 1.955197755300768669e+00 9.511500629771183490e-01 9.222392100502116996e-01 7.465977461618679145e-01 6.531758556716995567e-01 5.172636702147280774e-01 4.195575873019461444e-01 3.277540194853927336e-01
3.723261584570787264e+00 2.518453296424281174e+00 9.338934563149710044e-01 9.071427012127833978e-01 8.677122785364732582e-01 6.502817376008920291e-01 5.192694758177783809e-01 3.939756934631395979e-01 2.556378121265351355e-01
3.823890276045672998e+00 2.994619354928270027e+00 7.541236655050600479e-01 8.684734656069863501e-01 7.667620531895741331e-01 6.096163217635411913e-01 4.898665126598665265e-01 3.758676425068291360e-01 2.695421822117667898e-01
3.924518967520559176e+00 3.051905862637640077e+00 7.497272648120211214e-01 9.344861046004534488e-01 9.031438087357644973e-01 5.637923909691524571e-01 5.075733684946727164e-01 4.448767268154081855e-01 3.659072620502931694e-01
4.025147658995445354e+00 2.509951003527215008e+00 8.374628464362179336e-01 8.185349497348858305e-01 8.754998930790937051e-01 6.207153281583619453e-01 4.484907695403021477e-01 4.369450458728777464e-01 3.694345627501702811e-01
4.125776350470331977e+00 1.825946904717498320e+00 1.009526733613261174e+00 9.358980096485201017e-01 8.586847361967365755e-01 6.522072973820717268e-01 5.519979849536024163e-01 4.883586549014080624e-01 3.976790956154954704e-01
4.226405041945217711e+00 1.398615099259468364e+00 1.033984013211081132e+00 1.043336575285166434e+00 8.561914282126799058e-01 6.972871683914091401e-01 6.030016998370337777e-01 5.057457972175767313e-01 3.843926255711918039e-01
4.327033733420103445e+00 1.112235428234561008e+00 1.212042955155474777e+00 1.021744393807018980e+00 9.438417379864545431e-01 7.435929220408981077e-01 6.278054961477339546e-01 5.770410144628418392e-01 5.258679170587253759e-01
4.427662424894990068e+00 9.353148712644676621e-01 1.106508181969779514e+00 8.687083929500123425e-01 9.646154342046474595e-01 7.906564056221487835e-01 6.813578387734396946e-01 5.711342014017140034e-01 4.860573186269758206e-01
4.528291116369875802e+00 7.662197310920743076e-01 1.205899837119032370e+00 8.580666375065786333e-01 8.861492500894646573e-01 8.762024023059938882e-01 7.748959171764278064e-01 5.992985822692341591e-01 5.177175162908372874e-01
4.628919807844762424e+00 6.873874906512807970e-01 1.100204806212852215e+00 7.697356301018233316e-01 9.692832235963503296e-01 8.763578465099501891e-01 7.029927587331888938e-01 5.292110892962909041e-01 5.783481992600530974e-01
4.729548499319648158e+00 5.733367950555610104e-01 1.029403493185957918e+00 8.880106794332572884e-01 9.076325832086525880e-01 8.835312420624914509e-01 7.453675171387841303e-01 5.349983208284905256e-01 5.704976419099034857e-01
4.830177190794534781e+00 5.380370957273739041e-01 1.055788241536881777e+00 9.606355659445156014e-01 8.304953057461924582e-01 7.733325144869750423e-01 7.862797435862420858e-01 6.278938162523927113e-01 5.988441175656806781e-01
4.930805882269420515e+00 5.050587811438301822e-01 1.155194075316140934e+00 9.027235341227073384e-01 8.909229751174747580e-01 8.070813903105935605e-01 7.945246489945686497e-01 6.628943385069095973e-01 7.242493910706310212e-01
5.031434573744307137e+00 5.123556473791012200e-01 1.032936280373688787e+00 7.626498774209675702e-01 1.065920447295563234e+00 9.169137212318687613e-01 8.954864616633183561e-01 8.106497082952832667e-01 8.041215309992655325e-01
5.132063265219192871e+00 4.945688614499338387e-01 1.068145496517843407e+00 9.406693067334571667e-01 1.265661432951966869e+00 1.185677423298296951e+00 9.156990140326597416e-01 8.230917580590929594e-01 8.271665780645458543e-01
5.232691956694079494e+00 5.140128769944408704e-01 9.962635659310000724e-01 9.980134803098178464e-01 8.399009848074544538e-01 1.141266723379878112e+00 1.042579021581252263e+00 8.598937845767556931e-01 9.500119014387552463e-01
5.333320648168965228e+00 5.093900996328413200e-01 9.468573552324718312e-01 1.008829165270716643e+00 9.928398361482959622e-01 1.199326302769154307e+00 1.116559610358459187e+00 8.889705490938164534e-01 1.046106965091214924e+00
5.433949339643850962e+00 5.409884966406577345e-01 1.097968975436944383e+00 1.034057862728090749e+00 9.926921808425832605e-01 1.049747889715582527e+00 1.063056021817879060e+00 1.003769323587188733e+00 1.146214343419181603e+00
5.534578031118737584e+00 5.290533287436927079e-01 1.197096737635154451e+00 9.844522298670165261e-01 9.179169569133431850e-01 1.222271386828438278e+00 1.099453774946058449e+00 1.171993554164692641e+00 1.203943207070652832e+00
5.635206722593623319e+00 5.953790806712387917e-01 1.229089817594364087e+00 1.016004326943151570e+00 9.605343132658258343e-01 1.236218314714119026e+00 1.082741011731844338e+00 1.164357232478593795e+00 1.465851915271123573e+00
5.735835414068509941e+00 6.689403856172529972e-01 1.113092215878976665e+00 1.061956054561464136e+00 1.098976232141859466e+00 1.117934021155535529e+00 1.245600118999794059e+00 1.389703261933402656e+00 1.344339026523298397e+00
5.836464105543395675e+00 7.458412679954864455e-01 1.077176613319726250e+00 1.092735777477780612e+00 1.045348897388782561e+00 1.174441776547299865e+00 1.137988363301581041e+00 1.823444395208122071e+00 1.404489329438913137e+00
5.937092797018282297e+00 7.683580728316836694e-01 9.220688305522126704e-01 1.035175304375763661e+00 1.039768302424853186e+00 1.147548313707774215e+00 1.418011582185412900e+00 1.646598776765821670e+00 1.467199683086197748e+00
6.037721488493168032e+00 8.390785301621733749e-01 1.000099116484021833e+00 1.268003113565145945e+00 1.208635984729710566e+00 1.193857872770987205e+00 1.276096342657958349e+00 1.784856296110841178e+00 2.084349142340300887e+00
6.138350179968054654e+00 9.670404123065459157e-01 1.163154073230494800e+00 1.260567162742113334e+00 1.134086136694387070e+00 1.303697211100191655e+00 1.435566558993744968e+00 1.649741270202883081e+00 2.194460689955477939e+00
6.238978871442940388e+00 1.105611147568855923e+00 1.044533238923197382e+00 1.190475394245770868e+00 1.213556964324415288e+00 1.354306749449175173e+00 1.388443567170894788e+00 1.760946929305698072e+00 2.171515708633545927e+00
6.339607562917827011e+00 1.207323891894837020e+00 1.060664566186167335e+00 1.223270575292743745e+00 1.170232692956222786e+00 1.321200616363424452e+00 1.459185555781506327e+00 1.650233891760442440e+00 2.100443992514654745e+00
6.440236254392712745e+00 1.192477500926970579e+00 1.201754845595913945e+00 1.139653074245186470e+00 1.268262815341406613e+00 1.202950104545997601e+00 1.375713044877482139e+00 1.932425715241669506e+00 1.986128617923728079e+00
6.540864945867598479e+00 1.316531637532586396e+00 1.287980970965199035e+00 9.926096033837465971e-01 1.212029400933097634e+00 1.537023304815952285e+00 1.506138302393987161e+00 1.585453122489187461e+00 1.942126858167729564e+00
6.641493637342485101e+00 1.325698471536975731e+00 9.895831171706115370e-01 1.033166996894357981e+00 1.215727746310693247e+00 1.332787660306290478e+00 1.395564772040165158e+00 1.432032343555956100e+00 2.114089646643273479e+00
6.742122328817370835e+00 1.316805000298704398e+00 1.032407875299629962e+00 1.053210399923024676e+00 1.259524078446091933e+00 1.216129761730225578e+00 1.398070949121463791e+00 1.460765281811024163e+00 1.817783009894510693e+00
6.842751020292257458e+00 1.265780155060751921e+00 9.539918143746105583e-01 9.575091550342382796e-01 1.209958533627653265e+00 1.011058660953358945e+00 1.265111062154716581e+00 1.047750418576165687e+00 1.645783380682988017e+00
6.943379711767143192e+00 1.254489798815153767e+00 8.982586036418310771e-01 9.300342243464586600e-01 1.116381158712275612e+00 1.114053398783295679e+00 1.471894260772864671e+00 1.170962303563973350e+00 1.500013880276333866e+00
7.044008403242029814e+00 1.259509243785206012e+00 8.033778156201061282e-01 8.405843766359774039e-01 1.028740048030131637e+00 1.029746046604337550e+00 1.352389844813883135e+00 1.230821459263689022e+00 1.315601853345870209e+00
7.144637094716915549e+00 1.211135790543701907e+00 8.214564889585269647e-01 1.056697186310278092e+00 1.141163642152561275e+00 9.346430703783467075e-01 1.168990961961462238e+00 1.155205783730368418e+00 1.272975363760097123e+00
7.245265786191802171e+00 1.224370317247496454e+00 9.083196760603986508e-01 1.068862980094051451e+00 9.837978315691986442e-01 9.117568772563453550e-01 9.997566738843117751e-01 1.005545728276941997e+00 1.141435355735064050e+00
7.345894477666687905e+00 1.191426571895613185e+00 1.001172932192497367e+00 9.519351080652815877e-01 9.251518165568747287e-01 9.197531470275375209e-01 1.046523208016510997e+00 8.801049401963498831e-01 9.994005086720455511e-01
7.446523169141574527e+00 1.159916855405345837e+00 8.611054712944947731e-01 9.703428246058077855e-01 8.900033100938939956e-01 9.908010954831568684e-01 8.929482017778604952e-01 9.265491703092754161e-01 9.690513237101991972e-01
7.547151860616460262e+00 1.111835335941271152e+00 8.255337418874687527e-01 1.011293424538854069e+00 1.039476132985815093e+00 9.397341801752450152e-01 7.961591148386871764e-01 1.061119164823550731e+00 7.769777267191995129e-01
7.647780552091345996e+00 1.086404279655021954e+00 1.087699812771629970e+00 1.136682444196538855e+00 9.582395825596047301e-01 9.168732258647315225e-01 7.883194794125163440e-01 9.421435508669836478e-01 7.766163644856217685e-01
7.748409243566232618e+00 1.065343835595530253e+00 1.021707754955519576e+00 9.305982058414532521e-01 1.048112057073762537e+00 9.915583504167416740e-01 9.347770529570041953e-01 7.622988900359147779e-01 7.138587024087973409e-01
7.849037935041118352e+00 9.806423679633767820e-01 1.072449518421531689e+00 9.720118683527012582e-01 8.563297589574259128e-01 1.051466449860260610e+00 9.787786307939688735e-01 7.692419094972635651e-01 7.396904976570222168e-01
7.949666626516004975e+00 9.101578168629410603e-01 1.109753778788677980e+00 9.734251571552801074e-01 9.018568145112436651e-01 9.411647887318659311e-01 8.370893364823459581e-01 6.786637804820742081e-01 7.817124387150030662e-01
8.050295317990890709e+00 8.710146611715349207e-01 9.586982011512839019e-01 9.175589375635336831e-01 1.016345290064771145e+00 8.358260130010429778e-01 7.641192227674494797e-01 6.978498080174776463e-01 8.280679831368071842e-01
8.150924009465777331e+00 8.228187139633464930e-01 1.024992211047150104e+00 8.796183170805588203e-01 9.667697467141114220e-01 9.087822768331413892e-01 7.273577239624655633e-01 6.798668139611740990e-01 9.317746695612300067e-01
8.251552700940663954e+00 8.003063065671308651e-01 1.067150643150195366e+00 9.302419404830083449e-01 9.211952540323060656e-01 7.358923081818539158e-01 6.875715965228031967e-01 7.301821930490043355e-01 7.543561425317039104e-01
8.352181392415548800e+00 7.857885768232127921e-01 9.877569471059407524e-01 9.484868445402705461e-01 8.649374610018095710e-01 9.429476904455221797e-01 6.505360740690987464e-01 7.755165371281901310e-01 7.055664570780187939e-01
8.452810083890435422e+00 7.732580082124309584e-01 7.569473815385284743e-01 9.503726161788162985e-01 9.666492715832142313e-01 9.015068803324617353e-01 8.620672508975891768e-01 6.851421253038495474e-01 6.707488035388410319e-01
8.553438775365322044e+00 8.061108449407441423e-01 8.242223524776038923e-01 1.053835454988515385e+00 8.788830551582881290e-01 8.803226903085983324e-01 8.164676840295590488e-01 6.554427451632528490e-01 6.313592738411768490e-01
8.654067466840206890e+00 8.082209296232572004e-01 1.194849918359190744e+00 7.982162972045077076e-01 1.003896478185492880e+00 8.665212536661424103e-01 8.936846740921103871e-01 6.669606130302104807e-01 5.937131158939652487e-01
8.754696158315093513e+00 8.251728991150305559e-01 1.006231842282057087e+00 9.660423163726948870e-01 9.160791943609392085e-01 8.502778564836337427e-01 9.535990073530321576e-01 6.422802692850562156e-01 5.509391698920973468e-01
8.855324849789980135e+00 8.329407391086225410e-01 1.003965096964088977e+00 8.959547000571757014e-01 9.447902339151207363e-01 8.488047901473613210e-01 9.500099925993678029e-01 7.251089476676711998e-01 5.349964441243790780e-01
8.955953541264866757e+00 8.810086921195402487e-01 7.535633639678301909e-01 9.271465739264748152e-01 8.279289276845220868e-01 9.865918261980968218e-01 8.735032002185271205e-01 7.799195538049097376e-01 5.488541021455017876e-01
9.056582232739751603e+00 9.084554066743211198e-01 8.321332585620663247e-01 9.268683745418553332e-01 1.009329519676372744e+00 1.000916883737255070e+00 8.145338573961327100e-01 8.007909731030130596e-01 6.172869151925851616e-01
9.157210924214638226e+00 9.652525876115691794e-01 7.136264711884049428e-01 9.940723891502569742e-01 9.711368279661237723e-01 8.604639467924216634e-01 6.719087084097106199e-01 7.846675293633215142e-01 6.575949963172211810e-01
9.257839615689524848e+00 1.031125807413952211e+00 7.700230316817258114e-01 9.642096561545365763e-01 8.860127559215578152e-01 9.215370292098192806e-01 7.245041654880125526e-01 6.575759879649980544e-01 6.797258849279526061e-01
9.358468307164411470e+00 1.047002040138019785e+00 9.195378175956896438e-01 8.359594389933454606e-01 1.005035449645431900e+00 8.319052219716905894e-01 7.245470743814435011e-01 7.879907755642439060e-01 7.483433558551788600e-01
9.459096998639296316e+00 1.057381473140188710e+00 1.025233916413697655e+00 8.928185193096526140e-01 9.475242257243647881e-01 7.804633633736628440e-01 7.076536262448647197e-01 8.749946680547707745e-01 8.082941000291525846e-01
9.559725690114182939e+00 1.081612883379429402e+00 8.965550712970217218e-01 8.815816004441480169e-01 9.359577261337332921e-01 7.224363956043527990e-01 7.691168360373568103e-01 8.278794059424864349e-01 8.574149645727217051e-01
9.660354381589069561e+00 1.090712911335410151e+00 9.013419087621761250e-01 9.677481375547026810e-01 8.367928452310581244e-01 7.272205654464909408e-01 8.621992746672875185e-01 7.952657655498551748e-01 8.635584409466333655e-01
9.760983073063954407e+00 1.119496611752015314e+00 1.022126689235667518e+00 8.121523976834745806e-01 9.044375109525357725e-01 9.439493431951069269e-01 8.017908878726445199e-01 7.339965893273714403e-01 8.116403824198972217e-01
9.861611764538841030e+00 1.157945908179333738e+00 8.756803849878198598e-01 9.517961923889857179e-01 1.019397239550062340e+00 1.000069457822531094e+00 9.198155416914047811e-01 8.485799808346079498e-01 8.025413894174051599e-01
9.962240456013727652e+00 1.127480591723977188e+00 9.604850634298287559e-01 8.475142687386851836e-01 1.012184801245211485e+00 8.857789746038277068e-01 8.982882378913001897e-01 9.437664207034884845e-01 8.098134998672356089e-01
1.006286914748861427e+01 1.122964011980474908e+00 9.200534289704099811e-01 8.006910849787419737e-01 9.139118729986211997e-01 9.179030249400434993e-01 1.000814409443851360e+00 9.027184608782656827e-01 8.111278994916475416e-01
1.016349783896349912e+01 1.096006011376431388e+00 1.179418142031808614e+00 9.110697149808979489e-01 1.046234462390637443e+00 9.553793075084824338e-01 9.302298620355961001e-01 9.665054442422930103e-01 1.062682525326530403e+00
1.026412653043838574e+01 1.092836110169338903e+00 8.867793951239921757e-01 9.436277447274370456e-01 1.112003957360413242e+00 9.339122114335413061e-01 1.041983365394954841e+00 9.302473917785013535e-01 1.084414241480571084e+00
1.036475522191327236e+01 1.075431411620520139e+00 9.795236115838803492e-01 1.035964538893674680e+00 1.009541620039077880e+00 1.068537297596483970e+00 1.195673270087067364e+00 1.029014468557000406e+00 1.066535914893539827e+00
1.046538391338815899e+01 1.078532527167469945e+00 9.281734172344268119e-01 1.035897105620599445e+00 1.009387245721462101e+00 8.936659383088725317e-01 1.057821533822145277e+00 1.186197203277297829e+00 1.018389203287376255e+00
1.056601260486304383e+01 1.038973303854304087e+00 1.029426602960890502e+00 1.026192760676661209e+00 8.307042363476240254e-01 1.017908274371096544e+00 1.021853635002191396e+00 1.192758741985598947e+00 1.162254265522081553e+00
1.066664129633793046e+01 1.032738852509577532e+00 1.154100083743862415e+00 9.692556044188467279e-01 8.161320818094699447e-01 9.858164803260308640e-01 1.160667217855313904e+00 1.352728765051850024e+00 1.186922138744148869e+00
1.076726998781281708e+01 1.011834493600324958e+00 1.134112009037954838e+00 1.135167492117211907e+00 1.010895944626698961e+00 9.897664698880169754e-01 1.276712099745459295e+00 1.221381366320919870e+00 1.262952457522123817e+00
1.086789867928770192e+01 1.000896873149420552e+00 9.719426584648547252e-01 1.125984151029360669e+00 1.034315756652416818e+00 1.014707527149483646e+00 1.139885088946633429e+00 1.301425811153707590e+00 1.249011978626877184e+00
1.096852737076258855e+01 9.963116166503531712e-01 9.618660063488849721e-01 1.173946562631200008e+00 1.174222438178387007e+00 1.289966247728781878e+00 1.004848329471957236e+00 1.357066316538212858e+00 1.214138363043424151e+00
1.106915606223747517e+01 9.763561272622675036e-01 9.466027148134225078e-01 1.063657474374521961e+00 1.158393509460508897e+00 1.283720422478195289e+00 9.855509464217228066e-01 1.277459091407181058e+00 1.120637981271778827e+00
1.116978475371236179e+01 9.648944762532072339e-01 9.676117128659086353e-01 9.962199927117080245e-01 1.085410393644756999e+00 1.217264312499207746e+00 1.078660388799786984e+00 1.261458942773587832e+00 1.214834245416261060e+00
1.127041344518724664e+01 9.453674350391361170e-01 1.233331123207599855e+00 1.164244934695094935e+00 1.278973651908611675e+00 1.210551328857183861e+00 1.222434891490843611e+00 1.231585877431873310e+00 1.288444016593039088e+00
1.137104213666213326e+01 9.375715055227753503e-01 1.255042855403878166e+00 1.168002249099959311e+00 1.190987934770211476e+00 1.206476103429360958e+00 1.351149639547474024e+00 1.245471514311885741e+00 1.318392649833920238e+00
1.147167082813701988e+01 9.388478047193463683e-01 1.268880510418739505e+00 1.150891858148977764e+00 1.082925567451851645e+00 1.105649467492290539e+00 1.232780179637396278e+00 1.050574365260513954e+00 1.267161487863334823e+00
1.157229951961190650e+01 9.396035049307852605e-01 1.075607784277877066e+00 9.485777940939530417e-01 1.163069106114490214e+00 1.152541366474640450e+00 1.358177574690130784e+00 1.111682943743927954e+00 1.195511040222014820e+00
1.167292821108679135e+01 9.408547276088299327e-01 1.106069667762651365e+00 1.074494072775645570e+00 1.118786264698731214e+00 1.095959358167022613e+00 1.201923027150376022e+00 9.303938749452931312e-01 1.187435333392951264e+00
1.177355690256167797e+01 9.169079351614184414e-01 9.027013639936961598e-01 1.025028928838814135e+00 9.557745740490075637e-01 1.213071184136377489e+00 1.273678634540698962e+00 1.123960843739000737e+00 1.164135747545041344e+00
1.187418559403656459e+01 9.233012901375902137e-01 1.116303750907151837e+00 1.161097891239879720e+00 1.068404106536631648e+00 1.210695172630064542e+00 1.051825380949666044e+00 1.076281649138427721e+00 1.234353161178651348e+00
1.197481428551144944e+01 9.321217228874636440e-01 9.587049215541010305e-01 9.775449954109456385e-01 1.086978394165663886e+00 9.997507898770637835e-01 1.126043183666091352e+00 1.170470174461218926e+00 1.220003474211463157e+00
1.207544297698633606e+01 9.727847911758172872e-01 9.574691662508327816e-01 1.160551295619761225e+00 8.275304934390591560e-01 1.049159791611860904e+00 1.134138251717876411e+00 1.150249557746138906e+00 1.204591036666722292e+00
1.217607166846122269e+01 9.621555297457636824e-01 1.119291474010603027e+00 1.087768805561854180e+00 9.560118854353041318e-01 1.000029000202262930e+00 9.707529697031707094e-01 1.215242938523753091e+00 1.268206769835472647e+00
1.227670035993610931e+01 9.941026596648178115e-01 1.165194770311570815e+00 9.384943896235287131e-01 8.776846338339030495e-01 1.068490778364134863e+00 1.210495443238966740e+00 1.216255453811952991e+00 1.196732178510659494e+00
1.237732905141099415e+01 9.732681835761279876e-01 1.183842856167418800e+00 9.073336609598465774e-01 9.795205658861112497e-01 1.108343978562765564e+00 1.134800999507269426e+00 1.082388148090654312e+00 1.000873655861654665e+00
1.247795774288588078e+01 1.005488400212117162e+00 1.072983414787750833e+00 1.014814147263071620e+00 1.123473631677698092e+00 1.081847234280507442e+00 1.173179959575492370e+00 1.179513986790298619e+00 8.768096472482617143e-01
1.257858643436076740e+01 1.013171082772828413e+00 9.610532274394582020e-01 1.061279589907926368e+00 1.009615743694305401e+00 9.307931330085442712e-01 1.102178219708167317e+00 1.230621170227521377e+00 1.085963865305968001e+00
1.267921512583565402e+01 1.017551961076870404e+00 9.463764671627420411e-01 9.963738792338547867e-01 1.133572394898062496e+00 1.075369966884894835e+00 1.080992973692382897e+00 1.131820455492149824e+00 1.073816560791071018e+00
1.277984381731053887e+01 1.034178232606249637e+00 9.938409509375790707e-01 1.096086272772080372e+00 1.014808783777697787e+00 9.028694803518223511e-01 9.597643081156580491e-01 1.115864321322795449e+00 1.017868319976678038e+00
