4.025228886494695013e-01 1.708500461581599073e-01 1.435258026793492514e-01 1.520425273353696871e-01 1.368118257285081962e-01 9.364873929537334551e-02 2.846799944229731483e-01 4.748495621296616176e-01 1.800938057374002588e+00 2.424118542603958204e+00
5.031536108118368489e-01 2.367317359340238569e-01 2.028728083658087045e-01 2.598380788786761597e-01 2.409592023582211584e-01 1.556692123489354374e-01 3.495731371737840210e-01 5.712255494166321723e-01 2.437758159564905380e+00 4.255175075669210827e+00
6.037843329742043075e-01 1.867547257891765955e-01 2.070953040403469558e-01 2.003173047547721353e-01 2.415903597459125862e-01 3.092981917572819039e-01 6.261136790650128070e-01 1.058296554996924543e+00 4.203401600483219980e+00 6.771752315432754799e+00
7.044150551365716550e-01 2.634723243756554867e-01 2.874625317858906515e-01 3.183479154407578005e-01 3.534396626192439217e-01 3.840406623420288823e-01 6.963482889855542313e-01 1.175124902015656891e+00 3.532375787907383824e+00 5.517745917289936131e+00
8.050457772989390026e-01 3.118345540369717450e-01 3.221806765495630609e-01 3.005299493676339417e-01 3.449904481072572082e-01 4.618503842195140763e-01 1.052445531942258983e+00 1.808908326856104587e+00 4.861434724855808298e+00 6.353875095852914434e+00
9.056764994613063502e-01 4.848206924302277954e-01 5.506319822898058103e-01 5.773175483048781365e-01 5.576856517880390829e-01 5.759845284016735789e-01 1.152097248192817558e+00 1.755512927088924924e+00 4.801463967020207946e+00 7.008182027508144785e+00
1.006307221623673698e+00 3.643803968110293501e-01 3.930056859162502914e-01 4.734603650338574665e-01 4.560821270505964753e-01 6.013085121361403385e-01 1.047641053209810380e+00 1.381279597852547614e+00 3.526555573665808296e+00 5.813336152778220800e+00
1.106937943786041156e+00 2.675900854037766008e-01 3.334586242380203625e-01 4.266762842748402784e-01 4.810879216733289221e-01 6.327354913752971655e-01 9.973766639177363835e-01 1.717649810554906065e+00 3.067213444533023026e+00 4.612565916210853878e+00
1.207568665948408615e+00 4.388490769885678988e-01 4.534409639077531806e-01 4.513709520553381149e-01 5.681766381522450615e-01 6.977839338856934859e-01 1.059338027100385604e+00 2.268480481839199481e+00 2.865877332621589169e+00 4.501861350822813357e+00
1.308199388110775852e+00 4.284837688422671875e-01 4.568840875040994787e-01 4.888753315071493466e-01 6.633045188419880445e-01 9.869798868697760019e-01 1.336343658077240093e+00 2.192857898606393796e+00 3.413465667380401580e+00 3.965950370483329213e+00
1.408830110273143310e+00 4.175715354377310673e-01 4.598790593957494122e-01 4.901041463193702152e-01 7.123289335806506362e-01 9.926591585038653243e-01 1.497525948765954240e+00 1.681292101884470869e+00 3.146317714250074005e+00 3.288018657634947051e+00
1.509460832435510547e+00 4.776876530360728568e-01 4.963099080625402726e-01 5.849732704956319695e-01 7.133373432854107632e-01 1.031998263484779521e+00 1.396507841864853328e+00 1.643752824191330841e+00 2.165665336783100692e+00 2.551565556533320844e+00
1.610091554597878005e+00 5.792359305083008003e-01 5.966140277527415270e-01 6.178364222026092589e-01 7.448689811021417251e-01 8.732244371788584480e-01 1.214197900905915839e+00 1.708749481233695189e+00 2.100541916499102602e+00 2.484530709170601259e+00
1.710722276760245464e+00 6.149690631022279863e-01 6.376455716518316663e-01 6.297121728401647855e-01 7.878986028169405742e-01 8.619346645404156737e-01 1.124665751336052066e+00 1.565234798744415734e+00 1.651974281587679450e+00 2.019265115476212902e+00
1.811352998922612700e+00 7.171614222429339991e-01 7.105523607485539905e-01 7.562782715520068866e-01 8.605026480527731003e-01 9.546624243060922721e-01 9.662527405986007789e-01 1.428267756340577677e+00 1.421608367296980147e+00 1.615022229192033976e+00
1.911983721084980159e+00 7.897194465690935417e-01 7.829425515838265293e-01 8.498698489066643935e-01 1.021249748372048849e+00 1.128600020792211556e+00 8.513421313424507364e-01 1.292952335450284318e+00 1.081915089567906607e+00 1.543531704849355757e+00
2.012614443247347396e+00 9.093596890454975767e-01 9.767380178769136112e-01 1.042743863178736241e+00 1.174731711945697921e+00 1.142134310557978871e+00 1.023133860720247590e+00 1.280032926463568366e+00 1.193882611317720333e+00 1.334034324950967187e+00
2.113245165409714854e+00 8.844951801292288973e-01 8.861465241626255152e-01 9.864255249886307864e-01 1.023455654861526121e+00 9.910382967179307556e-01 1.093536083361252631e+00 1.223536643109707001e+00 1.125656779514521366e+00 1.181988501246562517e+00
2.213875887572082313e+00 8.851238490210413534e-01 9.372689410531234167e-01 1.004746914772245203e+00 9.733747374267980312e-01 9.741977294351052974e-01 1.116969122341677334e+00 1.069937287176951912e+00 9.963042935169807990e-01 9.969563546458107828e-01
2.314506609734449771e+00 9.153230933799088032e-01 8.609605035315622823e-01 8.316489865308867024e-01 8.125314491145407825e-01 9.689873935223389800e-01 1.023596068122542668e+00 9.058138942648614744e-01 7.909241515253645494e-01 9.057716419895671667e-01
2.415137331896817230e+00 1.035589946903357594e+00 8.738732939520663656e-01 9.294183634056175647e-01 7.556156671457062712e-01 1.021757567342656214e+00 1.046509788525687545e+00 9.558964048391848101e-01 7.019852814164239119e-01 7.223441558327786671e-01
2.515768054059184244e+00 9.566364405760536815e-01 8.081692052551640026e-01 8.986319492321585001e-01 7.589536743206520830e-01 9.154545752098828260e-01 9.522470829191898023e-01 9.150196815497543268e-01 5.455214040146305621e-01 5.678425259712983619e-01
2.616398776221551703e+00 1.041385273886025864e+00 8.997247662762882792e-01 1.019281542676911734e+00 1.009597915356811759e+00 1.084042347221876756e+00 9.544413821157045064e-01 8.796160016787099023e-01 5.648670688714499954e-01 4.611273159755659434e-01
2.717029498383919162e+00 1.014296853171573254e+00 9.550011583380878522e-01 9.707951374938675881e-01 8.607636343255943290e-01 7.898108687555281948e-01 8.685213359681589473e-01 8.270590168885137983e-01 5.847224070778732630e-01 4.047558992327591754e-01
2.817660220546286620e+00 9.125118590591384526e-01 8.575054830259022376e-01 8.916709973064862460e-01 9.619950573205121591e-01 7.850202725325797770e-01 9.234159843487649288e-01 7.732942589124914834e-01 5.831879702043549774e-01 3.492463097804733851e-01
2.918290942708654079e+00 8.912762428216507438e-01 9.783290571201938013e-01 1.106956772596702887e+00 9.869775257467592322e-01 7.661491034618774787e-01 9.260495930363152883e-01 8.170421621585534089e-01 4.198567155783434757e-01 3.791636568166729115e-01
3.018921664871021093e+00 9.730706667868854742e-01 9.667718373857943082e-01 1.033640439054233973e+00 1.096898603850090526e+00 7.922946200928825400e-01 9.318730752312144316e-01 7.017160265119347651e-01 4.201942901954424658e-01 3.576309369335120558e-01
3.119552387033388552e+00 8.681959786001730572e-01 9.124307764377933561e-01 1.067004863964765127e+00 9.515117932976819848e-01 7.209346599840071868e-01 8.200481630435100255e-01 6.194470093141382083e-01 3.595209872375005888e-01 3.668337973839508881e-01
3.220183109195756010e+00 9.033788245202680756e-01 9.445817997641952068e-01 9.037896386873195409e-01 9.167205357933616572e-01 7.139470199488554547e-01 7.469736291428481501e-01 6.393639098029459955e-01 4.022569179271823225e-01 4.121223155756672529e-01
3.320813831358123469e+00 1.081442180177264012e+00 1.088826234858932818e+00 9.951703928217962014e-01 8.979550958939158667e-01 6.789604900088471728e-01 7.378636030979447424e-01 5.516359014521130533e-01 4.929457729422501155e-01 3.178588482542095695e-01
3.421444553520490928e+00 1.038288057854587887e+00 1.013075468305909332e+00 1.011669519703742859e+00 9.664313696859084812e-01 6.923187012880211988e-01 7.293785935685452859e-01 6.049779270037329848e-01 4.140557686996261255e-01 2.743363695327569185e-01
3.522075275682857942e+00 9.985336652025833537e-01 1.054953069850356862e+00 9.181495094974482241e-01 9.274651880994670972e-01 8.565683210528077796e-01 7.147904548856350848e-01 6.308091316536081905e-01 3.855820176224227791e-01 3.391387637954247913e-01
3.622705997845225401e+00 9.937212795768430862e-01 9.318055696560219037e-01 1.001569666629885225e+00 9.365044578135262032e-01 9.864194607158349726e-01 8.404346806742577503e-01 6.868269868903296160e-01 3.793878145476155539e-01 3.837998604932273405e-01
3.723336720007592859e+00 8.848517677682989913e-01 9.593976344265549017e-01 1.037519818235579372e+00 9.159983664838644568e-01 8.878789474626400668e-01 8.028155776753933548e-01 6.534196322618105457e-01 4.058603063304084824e-01 3.686696645436687847e-01
3.823967442169960318e+00 1.001628131657244847e+00 9.485095251760228274e-01 1.118637788878202866e+00 8.781762820884112530e-01 9.072066966811208610e-01 7.762048392455053181e-01 6.262601403474862272e-01 4.326519368208653904e-01 3.492210402633285082e-01
3.924598164332327777e+00 1.040180753340051334e+00 9.873417477684252042e-01 1.092646759484392494e+00 7.608197203263722397e-01 9.659784292732376265e-01 8.439391539024755362e-01 6.877509878011810462e-01 4.609702062121503463e-01 3.540893063037405253e-01
4.025228886494694791e+00 9.682843278447320623e-01 9.991233652758245709e-01 9.415530164592734730e-01 9.705173524277871389e-01 8.929818630695569581e-01 8.252591022030595358e-01 7.797588625363084391e-01 5.032397980435877605e-01 3.495241533380616383e-01
4.125859608657062694e+00 8.398140985151756333e-01 8.420050527836003829e-01 8.638932175580488204e-01 9.734523808326742689e-01 9.581271096759663708e-01 8.895774651544229306e-01 7.948413206574497236e-01 4.817942361943725604e-01 3.731531353283904506e-01
4.226490330819429708e+00 9.731609331977406629e-01 8.149628234284761463e-01 8.965058977300661702e-01 8.863935078983143923e-01 8.925552665589613355e-01 8.433197057820946974e-01 6.914158571395774278e-01 5.991547292294195914e-01 3.742760386845094267e-01
4.327121052981796723e+00 9.475796397737865639e-01 9.200490149299914711e-01 1.000180682884508787e+00 1.051074303047421665e+00 1.020398681806677477e+00 8.979912465628168139e-01 7.630103061796739139e-01 5.797079057298809568e-01 5.194286759301652845e-01
4.427751775144164625e+00 9.156220425287174836e-01 9.528232547723463064e-01 9.607904905636019954e-01 8.897958791968338943e-01 9.899241979688534476e-01 8.850571839183084544e-01 7.728651073503562952e-01 6.982759631665723665e-01 5.118019365324237846e-01
4.528382497306531640e+00 8.950815476286402284e-01 1.071891047526762231e+00 8.598032508193859114e-01 1.058456390852512641e+00 1.118129627574995455e+00 8.890782813017070740e-01 9.503654514185633229e-01 7.270223517707580241e-01 7.169006821792811568e-01
4.629013219468899543e+00 9.209131418161391469e-01 1.018318889485361867e+00 8.844707056621049501e-01 1.130456159565231378e+00 9.258254347218800584e-01 9.112530971806784841e-01 9.601804372902068563e-01 7.814577772781745590e-01 6.705982310541859226e-01
4.729643941631266557e+00 9.708917652732068637e-01 1.002923457824945963e+00 9.908811162097618253e-01 1.159054569042266891e+00 8.576908989833444963e-01 1.113092156346337847e+00 1.052762939823828514e+00 7.857618315026210221e-01 6.496015723904450256e-01
4.830274663793634460e+00 1.007229050381546420e+00 1.023324228923322199e+00 1.019716962666963767e+00 1.057607442344343118e+00 1.017285802995040456e+00 9.549710328325342612e-01 8.007802409985376180e-01 8.481005083320889426e-01 8.678263689299350325e-01
4.930905385956001474e+00 1.045265078200157127e+00 1.010579471685164599e+00 1.020369514143667500e+00 9.497964068960641493e-01 9.767608835366218267e-01 1.005989772263514936e+00 9.239200610727316132e-01 8.752019237689231401e-01 8.154881876810077257e-01
5.031536108118368489e+00 1.012785467326521305e+00 1.070587453678012446e+00 8.874147519431577757e-01 8.289149368856314481e-01 1.063554224062241538e+00 9.137817850766513095e-01 9.289514200361704832e-01 9.569349597559994036e-01 8.109680059734641899e-01
5.132166830280736392e+00 9.516550967812549278e-01 1.166284720121347318e+00 9.435590145483599978e-01 9.928876988052730557e-01 9.977519376084976743e-01 9.431487677291217064e-01 1.101827817624063455e+00 9.515051022018160554e-01 9.036841810437572509e-01
5.232797552443103406e+00 9.437055318131464254e-01 1.054936411833927501e+00 1.078063640911107068e+00 1.104323888953413269e+00 1.084452798860662703e+00 9.704626649672115635e-01 1.366098452682090958e+00 1.109666902046769321e+00 9.525738692597700563e-01
5.333428274605471309e+00 1.072057120190299306e+00 9.942076295099239180e-01 1.072622896583679042e+00 9.633523048515452158e-01 1.026510687346457118e+00 9.570444863873233121e-01 1.165162235488066189e+00 1.162867475226651903e+00 1.227999515853063661e+00
5.434058996767838323e+00 9.679484230584721738e-01 1.016962470123365936e+00 8.869847942790983764e-01 1.127501036686338498e+00 1.140032808478599780e+00 1.037106742450171870e+00 1.309942808840586670e+00 1.238107997204152211e+00 1.214170345295164211e+00
5.534689718930205338e+00 1.145342905355947849e+00 1.079850240396299954e+00 1.023946526816146507e+00 1.053783505035329693e+00 1.170632223254101767e+00 9.828499732165890679e-01 1.126678998596714276e+00 1.450509229611763873e+00 1.410218547981549442e+00
5.635320441092573240e+00 1.092424623321698096e+00 1.054782163036150244e+00 8.625026328116558449e-01 1.038657859059225030e+00 9.987982074271558597e-01 1.131081867257581752e+00 1.196538297416291918e+00 1.380914468101241965e+00 1.453461131657598937e+00
5.735951163254940255e+00 1.056114690390848709e+00 1.196638077498818786e+00 1.048836232291804560e+00 1.025385644844506894e+00 1.103475957651646855e+00 1.018401479957092182e+00 1.350893041528592908e+00 1.370305854823938629e+00 1.490665198675755976e+00
5.836581885417308158e+00 9.284994155757387846e-01 9.721592035167113677e-01 1.032912101436510577e+00 8.550973079554341494e-01 9.596665610385521905e-01 1.151454055264611309e+00 1.111085965505697271e+00 1.304495682838979764e+00 1.813963516163383138e+00
5.937212607579675172e+00 8.545066626578973201e-01 9.159324447185767104e-01 1.205796045435663988e+00 1.135817988463056594e+00 9.705469051113390089e-01 1.218808302333634686e+00 1.252824265021316164e+00 1.347665142752801914e+00 1.679882201941969022e+00
6.037843329742042187e+00 8.837879350180513072e-01 8.921611172523451483e-01 1.062517911924167890e+00 1.039020536175291332e+00 9.898122525779354808e-01 1.268031876121488599e+00 1.222194935140832994e+00 1.368628452648747773e+00 1.814245426932203475e+00
6.138474051904410089e+00 9.513414696266834225e-01 1.019488435598617793e+00 1.161839410577171661e+00 1.118704361204314379e+00 1.106870234508325002e+00 1.226626394285058597e+00 1.169268315216021259e+00 1.469585722776945325e+00 1.931854743966304300e+00
6.239104774066777104e+00 9.558570103741054202e-01 1.115518444551666599e+00 9.679237240177942514e-01 1.071935962516707752e+00 1.010049052843367212e+00 1.038779780307126588e+00 1.395555565969304190e+00 1.408113883006596456e+00 1.724942616495868775e+00
6.339735496229145006e+00 1.018249219554203888e+00 1.099178497232050411e+00 8.936964372391767997e-01 1.138092704549680700e+00 1.028639956686395074e+00 9.965368780445853503e-01 1.169972857692982871e+00 1.375841273633598094e+00 1.536111741902435712e+00
6.440366218391512021e+00 1.092623524298217852e+00 1.093825645189790086e+00 8.493673898863326466e-01 1.127305282444996726e+00 1.038931799321805460e+00 1.054552991467347711e+00 1.221457927977019908e+00 1.443980754205545614e+00 1.656663573852124482e+00
6.540996940553879035e+00 8.778556152556947767e-01 9.920127685423609787e-01 8.379993819542486122e-01 1.043187724416084317e+00 1.071396722562024451e+00 1.089993375644113360e+00 1.129979580318229537e+00 1.166550064057161329e+00 1.545555099929476484e+00
6.641627662716246938e+00 1.083370696200553596e+00 9.837539470695868538e-01 1.045996855236535072e+00 1.073920617499963370e+00 1.100123108573453523e+00 1.254183007596407773e+00 1.261499834694278954e+00 1.398844768301066521e+00 1.351568128783908529e+00
6.742258384878613953e+00 8.615850857044885514e-01 9.970690350853901318e-01 1.008786696100079094e+00 8.993979652590221585e-01 9.316022213871191227e-01 1.278804825822915880e+00 1.221504482480466836e+00 1.307146619027246714e+00 1.328220938339363721e+00
6.842889107040981855e+00 8.843337104161651530e-01 1.073207718812472677e+00 1.163726590481200862e+00 1.131799053079600048e+00 1.047174216041888206e+00 1.163833503107783551e+00 1.064524784516841294e+00 1.453450519137709618e+00 1.329044162700708354e+00
6.943519829203348870e+00 7.585427523286247808e-01 9.563502004694589553e-01 9.933986373194438890e-01 1.102198547700119713e+00 9.484513856263170339e-01 1.191666104204049503e+00 9.523920510815094831e-01 1.315877175554232226e+00 1.372596985758537613e+00
7.044150551365715884e+00 9.918408328776178173e-01 9.429329536316448657e-01 9.099663082539084513e-01 9.745640412793856733e-01 8.602773863266249821e-01 1.074594973819744004e+00 9.025135497053409228e-01 1.135362266131317854e+00 1.251223014455193683e+00
7.144781273528083787e+00 1.073238559893388233e+00 1.013859113709470794e+00 8.419729713500148094e-01 8.974399118582483403e-01 9.668379017168976519e-01 1.012621159844404151e+00 9.129929011454942511e-01 1.354177068589836219e+00 1.272113205722837037e+00
7.245411995690450802e+00 1.064540826575842702e+00 9.840353127370696784e-01 9.452470645389864368e-01 1.103656923010071012e+00 9.084030946216979929e-01 1.068552917682507486e+00 9.872324876480595979e-01 1.268700002932615867e+00 1.067259963837860814e+00
7.346042717852818704e+00 1.012072131415994614e+00 1.142539953238890904e+00 9.519795271129687375e-01 1.166331056155199386e+00 9.511994902479377068e-01 1.078032298145487067e+00 9.066734408294628844e-01 1.113637202871084142e+00 8.980786650941100513e-01
7.446673440015185719e+00 1.123278673078368373e+00 9.393269525823663146e-01 9.375929530458096961e-01 1.090310357415985809e+00 8.739424553742769497e-01 1.084040122733352929e+00 8.519347138312469703e-01 9.759859630883859216e-01 9.601099609118673994e-01
7.547304162177552733e+00 9.593409030087246547e-01 1.097695075401291298e+00 9.598676493855968772e-01 1.069288026935753644e+00 9.998577815592341045e-01 9.447657623539907901e-01 8.564509878667271314e-01 8.433985418057045047e-01 9.685819289574919555e-01
7.647934884339920636e+00 9.969289880639292667e-01 1.004459965234754337e+00 9.639113385214529428e-01 1.012980275256512463e+00 9.051517959928998547e-01 9.792235678707277291e-01 9.039876072272924334e-01 8.374601353470891851e-01 8.569356570282440355e-01
7.748565606502287650e+00 1.002910698591529925e+00 1.085641962001390182e+00 9.325088669785875917e-01 1.112787745133602568e+00 9.815712391367449330e-01 1.120018880707549291e+00 8.824544250616620511e-01 7.360163590460562233e-01 8.345138988089000343e-01
7.849196328664655553e+00 1.073005954789574279e+00 8.480796316039982408e-01 9.204346444857380849e-01 7.902081101204982971e-01 9.956871357266772193e-01 1.020379321248703119e+00 9.898305403148162096e-01 6.778810845560310216e-01 7.905046324246004508e-01
7.949827050827022568e+00 9.749345640671756019e-01 8.552922943964479385e-01 9.197121989811839482e-01 8.463210749908447461e-01 8.796637719392995658e-01 9.519183665529818983e-01 8.954444306304236711e-01 7.691762294191376581e-01 7.300960389820517760e-01
8.050457772989389582e+00 1.110612583823878508e+00 1.039938635953273183e+00 1.110656186016819591e+00 9.303766729524423074e-01 1.075755224130142462e+00 8.916771276981483307e-01 8.950209347133946114e-01 6.758757965956373459e-01 6.353894630746079741e-01
8.151088495151757485e+00 9.704279889614634280e-01 1.128822907496626504e+00 1.184778576965123342e+00 9.692961132967089499e-01 9.159036838546324999e-01 9.740568276014675009e-01 8.393581702142814960e-01 6.920968856047224893e-01 6.577074731336728375e-01
8.251719217314125387e+00 9.273637512617389778e-01 1.110834530335003567e+00 1.060008422377492820e+00 8.234877705845323748e-01 9.700241883675116972e-01 1.114202288263003604e+00 7.539842657037663098e-01 6.439263855831640626e-01 5.344534232318680633e-01
8.352349939476491514e+00 1.108292479851265444e+00 1.091048085157933834e+00 9.975876630350390961e-01 8.648610305361613682e-01 8.223801977947118313e-01 9.357414500577728722e-01 8.481606605606912819e-01 7.437547295509394640e-01 6.198812166435718751e-01
8.452980661638859416e+00 9.736917689990000069e-01 1.142530031214727071e+00 8.282357757903096029e-01 8.778043838217398642e-01 7.851042809951328527e-01 9.210138489830036468e-01 7.474161931961601502e-01 7.613820328014155869e-01 5.650390465178686261e-01
8.553611383801227319e+00 9.634541292198052220e-01 9.330200984121893582e-01 8.740320075158654056e-01 8.577596292960935065e-01 9.556254929760046313e-01 8.205030157432215976e-01 8.195953927563703889e-01 6.276871621275073032e-01 7.433772001663013773e-01
8.654242105963593445e+00 9.643963023263133483e-01 8.803159251620791270e-01 9.543211610227080310e-01 9.758130269901721388e-01 8.861449038513263821e-01 8.070696514920596698e-01 9.959574193314104651e-01 7.982714481959749531e-01 6.155982636582605361e-01
8.754872828125961348e+00 9.767467458407459446e-01 9.669414570008161292e-01 9.336395099031838951e-01 9.179097359703827230e-01 9.371629535201336791e-01 9.040667999139327948e-01 8.160100037069381029e-01 6.836871068432889276e-01 6.821134988197909976e-01
8.855503550288329251e+00 9.386899962163356426e-01 9.642090390592538141e-01 9.108540078561571107e-01 9.685008736124487427e-01 8.583474881945167834e-01 8.689579532390222516e-01 9.003015623118115762e-01 7.477785142745563274e-01 6.389819274110655201e-01
8.956134272450697154e+00 8.707535808277203637e-01 1.126653082598368272e+00 1.114884671171051611e+00 1.118718433667434509e+00 8.812932457405792119e-01 9.299546199126563772e-01 8.741162105682497296e-01 7.572352707566077923e-01 6.642776925392270826e-01
9.056764994613063280e+00 1.101236852652543563e+00 1.130034666143205024e+00 9.479664662138227449e-01 1.009127760928091311e+00 8.684873606799603518e-01 9.678431628339215775e-01 9.759003364529338365e-01 9.847502585847465184e-01 6.441873970945303229e-01
9.157395716775431183e+00 8.312840704929592706e-01 1.047986749596712119e+00 1.003036342086458088e+00 1.101510808310951495e+00 8.456395686761863928e-01 9.247419694687376568e-01 9.257857730185505840e-01 9.788769955447985671e-01 7.212771940187641118e-01
9.258026438937799085e+00 9.992068539393462734e-01 1.080421003356336174e+00 8.326674772404413227e-01 9.405194808620117586e-01 8.160547378121226769e-01 9.745482248712967754e-01 9.459010997950119126e-01 8.301794899281290663e-01 7.264859936226877313e-01
9.358657161100165212e+00 9.791671145773979124e-01 1.045759155732636891e+00 1.059766323201732252e+00 9.647965020334563491e-01 8.960449209110544766e-01 7.673269861907446865e-01 8.941519221641335280e-01 9.281725542058848477e-01 8.019195716160910647e-01
9.459287883262533114e+00 9.503415677011599616e-01 1.117676757985957448e+00 1.029763394450069480e+00 9.634157778343039880e-01 8.376806631216441312e-01 8.508248654744798856e-01 8.867141359846754112e-01 8.081270596256503458e-01 9.042681331313475734e-01
9.559918605424901017e+00 9.552262334310939185e-01 1.100209144849266352e+00 1.049815526955331313e+00 1.166630531049255293e+00 9.147483843393234837e-01 8.099139334962506265e-01 8.420969010207325356e-01 9.058262949236246531e-01 1.005071355563012414e+00
9.660549327587268920e+00 1.050072591463629523e+00 1.160541530764578555e+00 1.020054610540788387e+00 1.019018398898938749e+00 8.589892639429075327e-01 1.076669698634374894e+00 1.004134933364829951e+00 8.487915445979439255e-01 1.027793774492288925e+00
9.761180049749635046e+00 1.005685396288334754e+00 1.068053768607496457e+00 1.095342889867540803e+00 9.126898843819982732e-01 1.049056070503010307e+00 9.289355637186382797e-01 1.052592983679927929e+00 9.377776456720813281e-01 1.023477504751900247e+00
9.861810771912002949e+00 1.111195976040782574e+00 9.925678181681107937e-01 1.128801854623796341e+00 9.883242386452845141e-01 1.185111730158807219e+00 8.976384571560575010e-01 8.291199019930460823e-01 1.009323155371880221e+00 1.219601736668324499e+00
9.962441494074370851e+00 9.819326338114717778e-01 8.598256319905738243e-01 1.048277819547191791e+00 8.963654130263923880e-01 1.132367844237768706e+00 1.072482328251439743e+00 8.387998262065732291e-01 9.726337127344324429e-01 1.174144432178050090e+00
1.006307221623673698e+01 1.063818141956616392e+00 8.134062427083027513e-01 1.170549148246548654e+00 8.854593548184548357e-01 1.065951097870407427e+00 1.031977619517190137e+00 8.851012162159399566e-01 1.362413559306507427e+00 1.308272521450001946e+00
1.016370293839910488e+01 1.020366256599389621e+00 9.781373276657289173e-01 9.202871665809386759e-01 8.970422630329841773e-01 9.345251431820373877e-01 1.059495606832736359e+00 8.441122034931834994e-01 1.365611152462893330e+00 1.283718675320733027e+00
1.026433366056147278e+01 9.276123051140447995e-01 9.552397345951644247e-01 1.033386152804267821e+00 8.927979724108759951e-01 9.276395046931169563e-01 9.139118127917355006e-01 1.006554830414323254e+00 1.507882919045649306e+00 1.224153249108017150e+00
1.036496438272383891e+01 9.206977222204308919e-01 1.140065002383734649e+00 1.165811357036208529e+00 1.033648459327768832e+00 8.986945639207460923e-01 9.481614336018486799e-01 9.886524109524178483e-01 1.130755761613596144e+00 1.147548995595958576e+00
1.046559510488620681e+01 9.184583168782477491e-01 1.105904666877471021e+00 1.101821412083110685e+00 9.380574958948810771e-01 9.563015560359231504e-01 1.125700495845809224e+00 1.021358695161894481e+00 1.405632515251488357e+00 1.134665319291801255e+00
1.056622582704857471e+01 1.031767767232282695e+00 1.065277809889014771e+00 1.128818957856797978e+00 9.429380763531737264e-01 1.024428330009507171e+00 1.018631865224507438e+00 1.007475558806414373e+00 1.228610393827879399e+00 1.172235508684974281e+00
1.066685654921094262e+01 9.455826121287285169e-01 1.010720487027962688e+00 1.003408089380675605e+00 1.018834762789323722e+00 1.043451442276801533e+00 1.028442542841818241e+00 1.021554413735841438e+00 1.468396965203156768e+00 1.099908309442038101e+00
1.076748727137330874e+01 9.983656283503882234e-01 9.723673490008518661e-01 9.836325914934370696e-01 9.572866129776547162e-01 1.062779876102750931e+00 9.518350321844731843e-01 1.209297938193061972e+00 1.426532379726052735e+00 1.092554123418146172e+00
1.086811799353567665e+01 9.274176211981829399e-01 9.171843881899550688e-01 9.922883824993246060e-01 1.067702711551310912e+00 1.198422800107075803e+00 1.035111792801842734e+00 1.009520534397370550e+00 1.441365732380689435e+00 1.100500071387706669e+00
1.096874871569804455e+01 1.082695417366616120e+00 9.179547707326407568e-01 9.516069440228434040e-01 9.580437215983018673e-01 1.141812682074089924e+00 1.031756543132521742e+00 1.223827766690484209e+00 1.440956618714050119e+00 1.367543610928190878e+00
1.106937943786041068e+01 1.233060091068928887e+00 9.316323130181507484e-01 7.926519667888451970e-01 9.890061549114178563e-01 1.174469627098590818e+00 1.183808740937151160e+00 1.064438055075429990e+00 1.281892378060172311e+00 1.387658017194660642e+00
1.117001016002277858e+01 1.024426316893685796e+00 8.256822217638171146e-01 9.320820357279526736e-01 1.045179909031834997e+00 1.111896512031957052e+00 1.084297315256440797e+00 1.106580965064601685e+00 1.240663286652914810e+00 1.303176511853872732e+00
1.127064088218514648e+01 9.424010249044039167e-01 1.044474580844282130e+00 9.586237629841688479e-01 8.381271149954547806e-01 9.311721057493017595e-01 1.064957762021651266e+00 1.216726538898190046e+00 1.252043618131080560e+00 1.375592395539056767e+00
1.137127160434751261e+01 8.548383078941581559e-01 1.046269478619866300e+00 9.451684569278260284e-01 8.539683432512651384e-01 1.164821356674978770e+00 9.848480201750305918e-01 1.134567200896491546e+00 1.333962058918060301e+00 1.204341770980963844e+00
1.147190232650988051e+01 9.295361315673305036e-01 1.026330242403064918e+00 1.008880917555244894e+00 9.837552717887860787e-01 9.492310442805047543e-01 1.102283333811044930e+00 1.055833042494293883e+00 1.264105504278778991e+00 1.210191762762997891e+00
1.157253304867224841e+01 8.962542432910218793e-01 9.278613916809020923e-01 9.432144013408666483e-01 1.024092313991656011e+00 1.023689306474059535e+00 1.086639486668108834e+00 9.314743540773199326e-01 1.198727455454486224e+00 1.132931785890269882e+00
1.167316377083461632e+01 8.818224605019230333e-01 9.550032455540778953e-01 7.995543422559838742e-01 1.277690404392930024e+00 9.603480809976329136e-01 9.877101620509493030e-01 1.001388674385967903e+00 1.117045465485526856e+00 1.313635858147563784e+00
1.177379449299698244e+01 1.060909390099276317e+00 9.679786379779680150e-01 8.895726291466560243e-01 1.174316624546087873e+00 9.379843816781739951e-01 9.303825224436068630e-01 8.619497120845522886e-01 1.096535035296003935e+00 1.189868317702080125e+00
1.187442521515935034e+01 9.670759249760456644e-01 7.586425481480726374e-01 1.076294356741739122e+00 1.032414354207259244e+00 1.058748190843727954e+00 9.356907628856394599e-01 8.454076343169176777e-01 1.113455199618919478e+00 1.216596255272106575e+00
1.197505593732171825e+01 1.135009359034249155e+00 9.796408365453536105e-01 9.737372364002518932e-01 9.497168600827059493e-01 1.214547249493543646e+00 1.002142321289907434e+00 9.110516645305339889e-01 1.127612588384149683e+00 1.164766386108840868e+00
1.207568665948408437e+01 9.676230492358832702e-01 1.020681139365368306e+00 1.108909151786584113e+00 1.119923406689218748e+00 1.106150372559547623e+00 1.020768472292083340e+00 8.428334773705036254e-01 9.947142105271949974e-01 1.240387529075914541e+00
1.217631738164645228e+01 1.047823837236067979e+00 1.248538510790500267e+00 1.104042401198908285e+00 9.663957530278982633e-01 1.134474355915106258e+00 1.087354816331448149e+00 9.125629223567816029e-01 1.144139663692931075e+00 1.261887605271894142e+00
1.227694810380882018e+01 1.032422052320051797e+00 1.004851639904844607e+00 1.071849171489710484e+00 9.316065877921734240e-01 9.648451076765550694e-01 1.056443046506369665e+00 1.034382522084020595e+00 9.545770493471387175e-01 1.146745753320922212e+00
1.237757882597118630e+01 8.949484398219644810e-01 9.858705229120161562e-01 1.132292583633137228e+00 8.597184627452040262e-01 8.725892078962490528e-01 8.932122051906730142e-01 8.903534434317273982e-01 1.004276727491784760e+00 9.784825073171344867e-01
1.247820954813355421e+01 1.049692075039822869e+00 9.759933152370035003e-01 1.132788246337632421e+00 8.585322441648697289e-01 8.422211630879647970e-01 9.449496926903039329e-01 1.040289779333892328e+00 9.731861670118807650e-01 9.723854470092352376e-01
1.257884027029592211e+01 9.059368927580455644e-01 9.020984404810893365e-01 1.104355736547669276e+00 9.949910215574295780e-01 1.012102745364747536e+00 8.984621977102077439e-01 9.189507332292571329e-01 9.616710259695340213e-01 9.332017048853712415e-01
1.267947099245829001e+01 1.035181779334491736e+00 1.017260794588097594e+00 9.478634177886460233e-01 1.051465653085432717e+00 9.795429272705418189e-01 8.648730118623429997e-01 9.174596837028115015e-01 9.896132423064061268e-01 8.739953056817686416e-01
1.278010171462065614e+01 8.607552054535333452e-01 9.948449904159697432e-01 1.023714001610508850e+00 9.180258010831165993e-01 1.053970120932428811e+00 9.877047902286265613e-01 8.770281110434001715e-01 9.290624821505062414e-01 7.481713630864466058e-01
