4.024624432637624594e-01 3.836896823906574272e-01 4.050132268231322330e-01 4.369712248581599234e-01 4.453642536120269724e-01 5.213131435423227211e-01 5.727928792031899974e-01 6.641084105300255613e-01 7.686477659009396390e-01
5.030780540797030742e-01 1.527780313275861057e-01 1.807824433631485261e-01 2.526239878649458870e-01 2.585222822699862477e-01 3.277917577277439931e-01 4.317133663326208626e-01 6.558205819216155197e-01 7.130705575360024584e-01
6.036936648956436891e-01 7.218897046474297141e-02 1.416383019881473915e-01 1.273257152839045447e-01 1.130335535689295651e-01 1.536721599823126783e-01 2.514244577594487717e-01 3.618616387000080925e-01 4.935206211684088351e-01
7.043092757115843039e-01 5.050039694292695475e-02 9.031884732862219267e-02 1.221320520259668863e-01 1.464712431461831221e-01 1.540412448933294598e-01 3.260207866276437216e-01 5.009580013988137459e-01 7.452515861035878819e-01
8.049248865275249187e-01 7.408597005391592827e-02 9.297129376458909689e-02 1.145023075141082536e-01 1.210837811451885293e-01 1.472133168230582434e-01 3.547496375422840575e-01 6.378939828508053411e-01 9.150468576169747958e-01
9.055404973434655336e-01 4.973557033913119513e-02 6.946390027503752951e-02 9.753507122053996226e-02 1.413267990525728657e-01 1.822441457500111606e-01 4.234483151417908209e-01 7.289161577650647983e-01 9.340291905436872710e-01
1.006156108159406148e+00 5.534311321455907123e-02 8.445099315479066837e-02 1.292195201798444770e-01 1.599472914652237676e-01 2.333460094417637021e-01 5.153592155262675112e-01 9.472510852512369128e-01 1.114018500260654632e+00
1.106771718975346763e+00 4.474963663366871014e-02 1.164694073751617043e-01 1.486499392909764183e-01 1.927945600485464483e-01 3.400393713846950328e-01 5.841043640664839165e-01 1.061064397771603218e+00 1.403340318805843534e+00
1.207387329791287378e+00 4.938286505511062935e-02 1.245982878952093809e-01 1.602186666224366118e-01 2.218574037603090465e-01 3.807393662790640732e-01 6.712701036065328308e-01 1.063455712717139789e+00 1.468353317782451484e+00
1.308002940607227993e+00 4.114237556844877602e-02 1.047187891531332765e-01 1.402708286679570648e-01 1.871603346525901046e-01 3.477025897063930615e-01 5.681577622924949278e-01 9.532124188827126865e-01 1.209469870271875136e+00
1.408618551423168608e+00 4.375063735058133674e-02 1.027859478858199060e-01 1.735457788239462562e-01 2.248876111338404538e-01 4.045115759151221013e-01 7.138737391102119023e-01 1.148715386658408555e+00 1.445930799629160601e+00
1.509234162239109223e+00 4.617952592418802377e-02 1.469342350127393615e-01 2.074773299519398206e-01 3.001015157514929088e-01 4.309593196497543133e-01 7.101563919774240841e-01 1.051629742185105520e+00 1.203864945148923615e+00
1.609849773055049837e+00 5.742861410033093389e-02 1.789630130477577463e-01 2.471418724039895765e-01 3.550283676569186420e-01 4.997487422600454532e-01 8.592807917743211510e-01 1.267008924415598647e+00 1.485719816965932916e+00
1.710465383870990452e+00 5.485862223335085525e-02 1.944303754579390642e-01 2.296344753469359012e-01 3.340801163252340444e-01 5.034057530486073517e-01 8.146748058053797648e-01 1.267834040624475467e+00 1.356897741406722924e+00
1.811080994686931067e+00 6.337407731737484951e-02 2.042809872113329761e-01 2.421635379179854219e-01 3.022309883328013203e-01 4.181003930884515385e-01 7.724631150335514729e-01 1.004381467316967091e+00 1.089313250982683723e+00
1.911696605502871682e+00 5.636518173041599883e-02 2.297966432842351303e-01 2.938849315192849088e-01 3.770268894035063156e-01 6.043376931917225914e-01 9.461551007671743507e-01 1.136312961369345009e+00 1.177477763416189926e+00
2.012312216318812297e+00 6.474179283399340845e-02 2.684223967571977010e-01 3.381023106820557622e-01 3.912850526020920094e-01 6.041040262789062476e-01 8.609562219914996817e-01 1.052541573368722894e+00 1.048074400652877047e+00
2.112927827134752690e+00 6.569040636907166886e-02 3.063284976567486884e-01 3.594469713711483938e-01 4.577094183251461668e-01 6.000348717952487254e-01 8.295344794123883370e-01 8.885823051289365448e-01 8.817126200452137796e-01
2.213543437950693527e+00 7.228621058556899959e-02 3.265527124621334099e-01 3.706009414068739960e-01 4.649379317702265202e-01 6.106518867937188455e-01 7.437173885547071484e-01 8.356376473788561521e-01 8.002282756554434107e-01
2.314159048766634363e+00 7.790400634427614712e-02 2.885469832750343078e-01 3.212890193372264780e-01 4.336549151571713612e-01 6.224111486483923095e-01 7.312903017541525497e-01 7.521512445706950434e-01 7.151126207757841913e-01
2.414774659582574756e+00 8.697073792469225961e-02 2.906234921655029835e-01 3.570315837176289420e-01 4.244487049483799956e-01 6.170534318971906407e-01 7.218748007062428806e-01 6.996203706651494825e-01 6.769469983122159418e-01
2.515390270398515149e+00 1.132926844582101411e-01 3.610285880365068367e-01 3.667375486310866517e-01 5.072283070761471890e-01 5.799211979012779405e-01 6.857330303881039590e-01 6.200267624944829636e-01 5.509092581260939259e-01
2.616005881214455986e+00 1.057058904986706432e-01 3.888260306023405555e-01 4.574862559419736185e-01 5.795141411587071412e-01 5.694032030771954966e-01 5.898482954706887327e-01 5.496781304849039929e-01 5.000671960245575143e-01
2.716621492030396823e+00 1.166452897681804352e-01 4.172139522487928187e-01 5.188506290972174639e-01 6.257702901704216281e-01 6.532900884002328379e-01 6.068720960950275689e-01 5.438439384076318994e-01 4.883185354698582059e-01
2.817237102846337216e+00 1.317051545937355239e-01 3.612131079936988787e-01 4.448119556207865699e-01 5.490508196249379580e-01 5.498318354807755215e-01 4.760254801816916070e-01 4.263038212064494403e-01 4.013212512860637182e-01
2.917852713662277608e+00 1.662973987576795432e-01 4.443358404219036051e-01 4.679658770011538849e-01 4.715963467559119993e-01 5.264451842151499639e-01 4.470324985502764359e-01 4.080645593132982696e-01 4.088243342448295570e-01
3.018468324478218445e+00 1.830601982225948110e-01 5.170560690064954779e-01 5.107970534036615495e-01 5.625400971482330537e-01 4.936526244347889114e-01 4.151106871811278132e-01 3.767535739178873300e-01 4.005866832410793776e-01
3.119083935294159282e+00 1.988944422694231551e-01 6.151403725016972857e-01 5.613313135487189021e-01 6.153098604315232478e-01 5.826935647437014865e-01 4.824482227462671413e-01 3.599189696263662697e-01 3.601008637964192571e-01
3.219699546110099675e+00 2.608280720981241418e-01 5.781908922230278858e-01 6.047770660735315440e-01 6.055906073458394712e-01 5.878001822494766104e-01 4.562356223233030028e-01 4.263621073332438671e-01 3.897534080554375113e-01
3.320315156926040068e+00 3.704986198427375199e-01 6.270638268409006733e-01 6.694018537061150464e-01 6.107322687494857183e-01 6.636300175391544043e-01 4.393520223942993796e-01 3.450069883534355175e-01 2.833949737709414718e-01
3.420930767741980905e+00 4.738998901389879781e-01 6.862545219415630005e-01 7.515440145280261053e-01 6.297845020815736605e-01 6.168496337387506800e-01 4.759483090272318417e-01 3.583142933977767064e-01 3.191293579016623583e-01
3.521546378557921742e+00 5.828202282104871790e-01 7.228515472382408547e-01 7.145207402332739433e-01 6.089572107119163302e-01 5.620138628391364577e-01 5.273734072424091091e-01 3.585532878728970307e-01 3.791525337982438182e-01
3.622161989373862134e+00 7.404254725728365294e-01 7.904070638959794781e-01 7.852321089742106963e-01 5.861995698821641509e-01 5.505924768844812078e-01 5.024386199917086904e-01 4.169212458991539694e-01 3.725308903750697564e-01
3.722777600189802527e+00 8.659484372527187501e-01 8.934575582040362729e-01 8.040813608826071768e-01 6.957054651622377461e-01 5.805463935274344234e-01 4.850030323159939538e-01 3.523411522049527123e-01 3.854566651679975364e-01
3.823393211005743364e+00 1.203712303208004597e+00 8.547667967861477534e-01 8.594626939276468480e-01 7.996351035437150312e-01 5.974527402107336904e-01 4.877836141434563344e-01 3.936883565095814497e-01 3.934181376091661075e-01
3.924008821821684201e+00 1.310782428998113369e+00 9.784800739687534721e-01 9.806201157096311460e-01 7.838671651124294870e-01 6.006637740054692198e-01 5.320619157273356326e-01 4.494240491359697831e-01 4.337746572347174201e-01
4.024624432637624594e+00 1.814414944277184638e+00 9.954931336163022060e-01 8.406964947128151566e-01 7.356025170094806498e-01 6.087618514673764913e-01 4.805062541103466978e-01 4.346281451001698937e-01 4.459746625436412648e-01
4.125240043453564986e+00 1.918657757665093166e+00 1.058312201480647863e+00 9.646483741938147727e-01 6.823293741144464963e-01 5.847625379916465693e-01 4.757446342829813601e-01 4.121284421913029572e-01 4.486767730779125940e-01
4.225855654269505379e+00 2.195479144330968690e+00 8.925780732515363747e-01 8.490962862755432328e-01 8.298718382072263200e-01 6.319804982501516788e-01 5.002284500758537034e-01 4.260603358131241358e-01 3.973827508714271595e-01
4.326471265085446660e+00 2.176764204121409474e+00 9.597473585584136435e-01 7.760449158806914660e-01 7.141397737113253097e-01 6.213962985539425166e-01 5.195787770700293073e-01 5.098791984397609278e-01 4.606837997833063691e-01
4.427086875901387053e+00 1.987644501959932031e+00 9.823560132702675585e-01 8.229422541964690474e-01 8.193611883290446984e-01 6.408061079097778778e-01 5.163324854340586301e-01 4.514434719339608382e-01 3.693864738671291947e-01
4.527702486717327446e+00 1.658315267914696856e+00 9.866148680876282162e-01 7.596100109682037971e-01 7.375481502000054146e-01 6.739881918714355491e-01 5.674562143154219251e-01 5.332555596114593177e-01 4.111879224055036697e-01
4.628318097533268727e+00 1.622705570739864767e+00 1.021784597223581725e+00 9.863164772946916292e-01 8.788776762776217000e-01 7.738964516828487072e-01 5.771798482917471773e-01 6.211296626116294961e-01 4.527900821986337032e-01
4.728933708349209120e+00 1.494174875947180459e+00 1.142478757846860482e+00 9.258823457698239778e-01 7.682567314405954750e-01 7.041684704680944984e-01 7.735602959069957096e-01 5.979498785550748652e-01 5.765374800294058577e-01
4.829549319165149512e+00 1.193286660358331197e+00 1.138682076982461044e+00 9.677375515086775737e-01 9.050735648959028490e-01 9.070873775631201896e-01 7.732753471709284954e-01 7.455021959123486752e-01 6.057060777736769097e-01
4.930164929981089905e+00 1.069841945012545814e+00 1.160589874225388840e+00 1.072024289813770626e+00 9.651450032727636463e-01 8.634898281037098888e-01 8.266054226272416816e-01 6.584338535680464011e-01 6.475902590266600090e-01
5.030780540797030298e+00 8.185815783072233343e-01 9.090195252501063194e-01 7.960092005115103619e-01 9.712117675376087389e-01 1.122519670665595770e+00 9.524588773923138296e-01 6.889120595412248083e-01 7.534211921536059231e-01
5.131396151612971579e+00 7.875806573337192917e-01 9.887474780073384206e-01 9.602959866834571701e-01 9.110998019519279678e-01 1.015364541930995568e+00 8.506377765504060662e-01 7.989410325000796398e-01 7.319384903246858309e-01
5.232011762428911972e+00 7.930861226173183676e-01 1.029587707172659572e+00 1.090318468651279904e+00 1.016887697155181902e+00 1.123254214915377691e+00 8.527553252503109471e-01 8.880489375540386865e-01 8.362059979883228467e-01
5.332627373244852365e+00 7.169182223747433413e-01 8.639648524748345659e-01 1.149791665692519782e+00 9.434481740048952236e-01 9.728705094892660110e-01 7.666453939176691712e-01 1.034406812227820716e+00 9.514876318056564308e-01
5.433242984060793646e+00 7.276417065397364770e-01 1.129513917240164256e+00 1.173319899214082085e+00 1.265953671518503354e+00 1.160624724429450305e+00 1.113729952938935064e+00 1.135607993029974283e+00 9.689647836273098669e-01
5.533858594876734038e+00 7.547488312236350083e-01 9.254454827934337491e-01 1.160520611323638152e+00 1.180084468747183424e+00 1.317912496168089698e+00 1.164018031907556150e+00 1.159563819713865795e+00 1.245437296996752652e+00
5.634474205692674431e+00 7.294624687196568091e-01 1.199227929012416372e+00 1.136660649524154243e+00 1.341985112506976607e+00 1.401916823219317543e+00 1.426425382687389831e+00 1.379891475492233788e+00 1.331974111986484077e+00
5.735089816508614824e+00 7.151131707296497497e-01 9.187499909609163629e-01 1.152656119582653016e+00 1.234597581098272112e+00 1.361859738267067188e+00 1.361888565977489307e+00 1.375687649081898334e+00 1.352955324933342807e+00
5.835705427324555217e+00 6.513519716914826230e-01 1.362501138596236894e+00 1.390048508694569529e+00 1.346858707581067405e+00 1.387516255142718924e+00 1.434469407376906647e+00 1.477360605935349458e+00 1.600482767393380579e+00
5.936321038140496498e+00 6.846886209185195638e-01 1.164528653581483830e+00 1.329073818605616797e+00 1.368954166012503526e+00 1.559424237293004945e+00 1.388113077270719309e+00 1.750848199661824367e+00 1.618438914214174185e+00
6.036936648956436891e+00 7.068250261700362858e-01 1.092642988624679790e+00 1.281259758135001370e+00 1.525946614589424932e+00 1.234962842769324221e+00 1.540990370400267429e+00 1.755400464520958437e+00 1.662636493847728048e+00
6.137552259772377283e+00 7.656982065320272479e-01 1.167521095050090496e+00 1.413105086563840151e+00 1.485550685707529128e+00 1.383569638223757226e+00 1.555166678938483038e+00 1.956306490711377188e+00 1.908974001018471700e+00
6.238167870588318564e+00 8.751900464138219204e-01 1.254166691686132040e+00 1.173699807763059599e+00 1.370376174553405324e+00 1.435158954926946562e+00 1.522813401872363581e+00 1.835540902344916292e+00 1.900669588230890605e+00
6.338783481404258957e+00 8.585903912669821114e-01 1.230241463472858232e+00 1.154597321297679224e+00 1.250334192930157462e+00 1.468005441431257330e+00 1.727298165247061368e+00 1.919497920514601441e+00 1.890559870769809248e+00
6.439399092220199350e+00 9.780130816762628854e-01 1.309559241648875938e+00 1.139745901012779061e+00 1.477858631253348154e+00 1.389064440888840846e+00 1.687239979468006856e+00 1.862332753346333192e+00 1.901925428508658422e+00
6.540014703036139743e+00 9.468173034981591796e-01 1.190372547868765674e+00 1.029732102019812467e+00 1.227018748432497919e+00 1.449841970062172303e+00 1.578603636770939955e+00 1.701186864034372359e+00 2.080006977965922932e+00
6.640630313852080135e+00 1.046548239299255778e+00 1.206858904286903567e+00 9.153336053484908419e-01 1.313883707182028848e+00 1.409517644457492169e+00 1.490950231024282813e+00 1.548320547025284544e+00 1.860837724567690366e+00
6.741245924668021416e+00 1.086759440169052571e+00 1.188012209410075348e+00 1.135705846929234042e+00 1.278880727154714014e+00 1.505520469781359116e+00 1.404302023953306167e+00 1.473704294439017071e+00 1.774416796896738369e+00
6.841861535483961809e+00 1.062050087255341557e+00 1.155091375027141654e+00 1.009101145864856885e+00 1.081260606185820539e+00 1.293034980673350764e+00 1.306097959798506514e+00 1.474917664897960057e+00 1.122674012135814303e+00
6.942477146299902202e+00 1.099943224093545613e+00 1.255138780175718338e+00 1.184562871128859829e+00 1.098489433451248054e+00 1.150885625332081164e+00 1.208204673584791555e+00 1.241424564422259902e+00 9.684603407902805383e-01
7.043092757115843483e+00 1.235956851343884333e+00 1.030930632417400572e+00 1.108255060566870842e+00 9.298233817066338114e-01 1.092648394328189942e+00 1.130811439137704655e+00 1.223843425039176758e+00 9.899402925738474135e-01
7.143708367931783876e+00 1.240813855894020046e+00 1.187380769239746225e+00 9.732124559318415802e-01 9.735825800636027649e-01 9.915366099796992794e-01 9.937969015420200503e-01 1.075981501124656514e+00 1.034394165123552201e+00
7.244323978747724269e+00 1.290517152092888198e+00 1.053382228969010237e+00 7.767047118228560532e-01 1.022054268776676933e+00 9.694208099862299255e-01 1.124942270301254155e+00 9.634164999492764725e-01 9.213572464198267475e-01
7.344939589563664661e+00 1.331587253550482686e+00 9.655005835972249040e-01 8.982872545878823889e-01 9.903426117867141221e-01 9.550138319467535997e-01 8.800451296395436218e-01 1.037408851284747691e+00 9.350400826594015280e-01
7.445555200379605054e+00 1.185991313014950421e+00 8.521757452748531803e-01 9.582852824749822362e-01 1.144274722764265340e+00 9.650137189190012288e-01 8.203804773983486287e-01 8.332940639399742944e-01 9.398093072285549354e-01
7.546170811195546335e+00 1.315223469272618795e+00 1.053682804340364099e+00 8.805712975774329099e-01 9.807202335131809390e-01 7.946130315188308924e-01 7.704529848272998471e-01 8.828244316921550761e-01 8.734576166537606490e-01
7.646786422011486728e+00 1.305843641122082621e+00 9.720172565843591128e-01 9.591785165616940612e-01 1.020958058310803107e+00 8.884107695633569612e-01 7.797423226199809987e-01 7.284681650269423381e-01 7.613884744721215458e-01
7.747402032827427121e+00 1.176959385157162030e+00 1.095494944187494157e+00 9.051448607356957776e-01 9.904558584522352715e-01 8.667962718157883328e-01 7.932426019326304090e-01 8.050908622935691872e-01 7.783972600584032620e-01
7.848017643643368402e+00 1.171487209273406327e+00 9.616566189734241377e-01 8.811868098016847339e-01 8.389221470735821473e-01 7.732988998613989917e-01 7.339718468301292820e-01 7.172535451647340521e-01 7.074753645186845352e-01
7.948633254459308795e+00 1.165401490384684546e+00 9.963968676410219771e-01 9.872799249483934503e-01 9.302772803947889635e-01 8.297106741940910579e-01 7.954751685872861744e-01 7.695839969276317971e-01 6.210492664576091615e-01
8.049248865275249187e+00 1.088482886501334068e+00 9.892379650544168568e-01 8.176124208581421193e-01 8.352426250397659846e-01 8.607089086198321803e-01 7.777836671436788585e-01 6.451166488976834978e-01 6.196834634871930536e-01
8.149864476091190468e+00 1.041881242879561409e+00 8.580868615397045929e-01 9.459204288854946574e-01 9.372425449429611088e-01 8.151428409958383359e-01 7.030487223392937191e-01 6.596356694193559189e-01 6.321150113268184656e-01
8.250480086907129973e+00 9.225390218312002899e-01 8.019046853446236689e-01 8.783529879670580742e-01 8.031221255009737270e-01 7.295284539768028820e-01 7.279973688963001788e-01 5.981930739144514231e-01 5.997619752397416182e-01
8.351095697723071254e+00 9.078567070840957154e-01 9.029719062486133430e-01 7.856023052654502736e-01 7.430471158187315073e-01 7.321539829312614378e-01 7.979183875092912270e-01 6.975796829474639749e-01 5.748318829439730271e-01
8.451711308539010759e+00 9.106477140141917559e-01 8.756580171868107998e-01 8.025174291761800749e-01 7.748740055811486060e-01 8.633930403392926500e-01 8.457485296541723541e-01 5.928247132691273347e-01 6.280729844884934687e-01
8.552326919354952039e+00 8.931223658438385282e-01 9.899265191093680194e-01 8.846492025098486867e-01 8.761330795512390912e-01 7.831389929641177083e-01 8.564543644412426771e-01 6.160022728305991624e-01 7.488767313979756146e-01
8.652942530170893320e+00 8.656278311990284191e-01 9.813938262019546999e-01 9.449723553166561318e-01 8.054905174305482252e-01 8.565333192179920285e-01 8.024618840928703367e-01 5.688864203537877806e-01 6.939573488149408664e-01
8.753558140986832825e+00 8.608230197493097480e-01 8.862400982344014189e-01 9.296905644831410243e-01 8.289444610921542500e-01 8.756364093456772135e-01 8.108950343693341889e-01 5.679133096746491471e-01 6.794161200832972147e-01
8.854173751802774106e+00 8.855984281028660421e-01 7.562982803638853557e-01 9.545070610467959460e-01 8.014182262144956548e-01 7.596139317606515062e-01 6.587823427174331892e-01 6.443143525198954391e-01 6.080158728988980243e-01
8.954789362618715387e+00 8.027848771654291227e-01 8.501418619376667207e-01 8.989804115411155205e-01 8.423838467785764728e-01 8.015812891603938395e-01 6.420293416244485796e-01 6.782513654990636187e-01 6.555517010619815732e-01
9.055404973434654892e+00 7.939368096505444727e-01 7.902895595805773388e-01 8.900347218713137165e-01 7.491580753098072698e-01 6.778758479422221095e-01 6.912434990461536755e-01 7.767725230986535223e-01 5.805891109907925784e-01
9.156020584250596173e+00 8.174245443409446921e-01 8.429363520931363318e-01 9.052483158455000289e-01 8.566108745799007052e-01 7.891573334945554130e-01 7.431226020019772172e-01 7.311622986791285195e-01 6.275991274259035135e-01
9.256636195066537454e+00 8.102064877388281960e-01 8.659634002321311419e-01 8.696484444626700894e-01 8.583628510988966509e-01 7.222679744495964504e-01 7.584447441930505240e-01 7.747986620208308084e-01 6.771891226843823608e-01
9.357251805882476958e+00 8.013687054140476995e-01 8.688440566019258737e-01 9.418192285603212976e-01 7.817696125562759724e-01 7.910571910344014190e-01 7.473984441695817882e-01 7.432036130214816350e-01 7.482827651520561618e-01
9.457867416698418239e+00 7.911106102470136792e-01 8.612994908484886691e-01 7.571428557819357419e-01 7.405575719769343923e-01 7.921082231319757083e-01 7.078520073094251019e-01 6.421677121548242662e-01 8.671974807599421853e-01
9.558483027514357744e+00 8.127759918347760015e-01 1.062489857600919851e+00 7.703729879938283620e-01 7.660118313997300588e-01 8.290240940859442409e-01 8.327634063933206932e-01 7.299586509949255175e-01 7.411318540500220209e-01
9.659098638330299025e+00 8.225849496589593413e-01 9.037416939692690665e-01 8.070634316292545352e-01 9.182224751608702995e-01 8.768902310456349047e-01 8.690534401481184723e-01 7.462723339710218839e-01 9.405254041716981650e-01
9.759714249146240306e+00 8.543601959323713357e-01 8.835464153758740835e-01 8.752343436502700857e-01 9.357233856359518098e-01 8.508629626493307008e-01 8.801770925028087333e-01 8.238494613364708563e-01 1.009383090327112598e+00
9.860329859962179810e+00 8.741203760948712542e-01 9.022155461227600037e-01 1.041197797313776485e+00 8.878596279465383878e-01 9.674888692875147633e-01 8.550731240506889153e-01 8.751382673205461149e-01 1.265274797717921951e+00
9.960945470778121091e+00 9.412112422164140568e-01 1.020007086466548030e+00 8.111309469652767667e-01 9.372266055022507869e-01 9.454966855145908733e-01 8.037715424664764186e-01 9.333311495222555987e-01 1.042723788469753776e+00
1.006156108159406060e+01 9.375708668565329029e-01 1.024148160001737473e+00 9.290689467261409318e-01 9.505727506154281192e-01 9.025973017914297181e-01 9.854227274439093520e-01 1.048673677297834672e+00 1.072289790455183578e+00
1.016217669241000188e+01 9.743130173200607036e-01 9.220158335192435439e-01 8.670537000601622468e-01 8.643647373618152940e-01 8.503504855808702301e-01 1.075557280190786225e+00 1.035457216286024273e+00 1.032557820165733942e+00
1.026279230322594316e+01 9.823837308133253066e-01 1.057831568214369966e+00 1.109023715315678338e+00 9.592034162306224410e-01 9.668202879440483954e-01 1.048600592423154065e+00 1.137432725044430937e+00 1.212997803815244469e+00
1.036340791404188266e+01 1.045429569759349642e+00 1.068974042245409484e+00 1.014297735962797153e+00 9.738869022803241515e-01 1.082390147454209028e+00 1.141892485213317432e+00 1.088008108488260017e+00 1.096657932618073872e+00
1.046402352485782394e+01 1.090349015351474771e+00 1.258132039831294957e+00 1.056358280901803282e+00 1.152144116936012264e+00 1.121727310708263259e+00 1.239701246411307300e+00 1.256444064096730706e+00 1.190154388047894418e+00
1.056463913567376522e+01 1.123777114858418136e+00 1.123838795190020168e+00 9.614246596156192926e-01 1.170249157885258295e+00 1.176059791618810468e+00 1.246016660531093834e+00 1.232983416313530034e+00 1.114553647887371213e+00
1.066525474648970473e+01 1.133343091828933336e+00 1.308764131859024182e+00 1.108412424761249682e+00 1.154594571411035497e+00 1.278542917379895894e+00 1.191681251757669591e+00 1.224710127460553633e+00 1.216876736986550078e+00
1.076587035730564601e+01 1.153717987135993495e+00 1.359377352362764579e+00 1.093446033711551468e+00 1.203648503332280573e+00 1.266891659239125500e+00 1.172284201848146523e+00 1.357893654088072610e+00 1.240897599704333221e+00
1.086648596812158729e+01 1.170059844748710276e+00 1.252698705286637404e+00 1.187666165655015815e+00 1.151865073741676460e+00 1.258311123612214200e+00 1.352316120169422264e+00 1.334694682070058036e+00 1.236094449334675494e+00
1.096710157893752680e+01 1.178238746831696826e+00 1.366892775229517909e+00 1.258180842455219883e+00 1.190013759558453454e+00 1.381726050314143528e+00 1.271542361850634517e+00 1.453827701756722268e+00 1.240485679147361298e+00
1.106771718975346808e+01 1.199531979740305010e+00 1.134430419409895530e+00 1.186770807101530378e+00 1.192933408441695819e+00 1.350987922106380745e+00 1.121654232727545608e+00 1.303392175733677494e+00 1.433358986291546344e+00
1.116833280056940758e+01 1.180659399626565076e+00 1.108161630112283857e+00 1.176921544734724101e+00 1.002121174501952483e+00 1.300276199124227539e+00 1.335756888044450585e+00 1.349358461063596470e+00 1.250519343356101487e+00
1.126894841138534886e+01 1.208011079294216028e+00 1.142030439255342644e+00 1.259146422935686127e+00 1.172368121433758237e+00 1.325648779701114055e+00 1.236420829892261430e+00 1.456686968956522721e+00 1.388288502334611652e+00
1.136956402220129014e+01 1.172454220356425658e+00 1.000962719003969603e+00 1.097013583062969699e+00 1.090801638241171156e+00 1.206718229431924971e+00 1.393117021758460750e+00 1.515074673886578793e+00 1.429912906487916580e+00
1.147017963301722965e+01 1.131960068847560175e+00 1.028895904031177144e+00 1.112576372697850591e+00 1.205221607465609468e+00 1.205855969946030504e+00 1.266175881049078633e+00 1.273537024951594709e+00 1.324193941244299122e+00
1.157079524383317093e+01 1.145121917786740218e+00 1.133765724505598316e+00 1.003961946560812502e+00 1.179937615915539695e+00 1.181830547560109412e+00 1.349094727531343629e+00 1.360379739335185079e+00 1.325374894641527801e+00
1.167141085464911043e+01 1.093191971782264682e+00 1.054109309487992530e+00 1.127641183652514645e+00 1.237919672513630776e+00 1.268881431912516566e+00 1.360090030678711148e+00 1.384185955095438292e+00 9.597871533615475181e-01
1.177202646546505171e+01 1.133688286686112656e+00 1.222621506249314649e+00 1.086892669377192089e+00 1.140482720864549826e+00 1.281712209031131922e+00 1.414672702011670502e+00 1.427314384332738051e+00 1.057872311910112328e+00
1.187264207628099300e+01 1.062562883896131405e+00 1.258797944368433397e+00 1.249409703357132084e+00 1.298834045638751711e+00 9.783247332597683199e-01 1.326918141024297615e+00 1.180740192952080880e+00 1.088846608608992073e+00
1.197325768709693250e+01 1.075933121433268358e+00 1.164880673348844597e+00 1.271835769484730427e+00 9.164211148203277313e-01 1.000669185447544018e+00 1.164407345002297811e+00 1.226267576770760925e+00 1.170383803534694511e+00
1.207387329791287378e+01 1.028408552406008036e+00 9.660695626085192833e-01 1.132291843891475525e+00 1.016276105994557089e+00 1.044341446330954604e+00 1.040612143629156439e+00 1.106357025106196490e+00 1.273175828739786297e+00
1.217448890872881506e+01 1.021987117160038094e+00 1.142711080569461135e+00 1.051149483160870979e+00 9.290660541578047438e-01 1.126626646593486658e+00 1.042412984938849485e+00 1.024298079412830242e+00 1.218148411849835133e+00
1.227510451954475457e+01 9.778186139421870537e-01 9.896914204188573816e-01 9.504092440266554975e-01 9.545517671352611311e-01 1.042417532732075047e+00 8.873182736217914979e-01 1.110250925052391979e+00 9.621610536572733352e-01
1.237572013036069585e+01 9.835666427305191917e-01 9.952703073475894779e-01 1.082674772346216674e+00 9.167398433765188148e-01 1.126304578495302300e+00 1.037976201115045294e+00 9.886833482614713065e-01 8.947949369266553488e-01
1.247633574117663713e+01 9.524167143456253593e-01 9.201569820836891234e-01 1.029119151762980744e+00 8.587850079359898858e-01 8.835232841827812544e-01 9.417636322482995093e-01 9.368713440429058403e-01 9.820189019803197139e-01
1.257695135199257663e+01 9.172663940644057989e-01 8.900399131536486097e-01 9.334860270987862529e-01 9.747707846745713445e-01 9.647881544492893369e-01 8.853161378902728584e-01 9.512087112238977182e-01 1.003214944787822027e+00
1.267756696280851791e+01 9.224661245202635529e-01 1.081561405035509127e+00 1.000366451101797782e+00 8.930390323692117827e-01 1.052225192006019494e+00 8.777611290130238331e-01 1.029233949037548612e+00 9.536186243187045886e-01
1.277818257362445742e+01 9.163038779951674373e-01 1.054463693379951383e+00 1.071298229266268942e+00 8.970733154073424753e-01 9.581276282605337702e-01 8.480077772078055132e-01 1.154426789778720819e+00 8.300675330268416641e-01
