4.025491044824867082e-01 5.288574816287433533e-02 4.535439633751348759e-02 6.962811023085313522e-02 7.318706025681236127e-02 5.413583769997604156e-02 9.125182785414788500e-02 2.426645649696139717e-01 4.217822232336732591e-01 1.193017057108848089e+00
5.031863806031083852e-01 5.502677984216377410e-02 8.343629896746655727e-02 8.588753636386628476e-02 8.557409313830680042e-02 8.083740056947115449e-02 1.397960617338834532e-01 5.350530236201030965e-01 9.592803120362619618e-01 1.692013068131075881e+00
6.038236567237300623e-01 5.149281795807271467e-02 1.085788570635514566e-01 1.292222980580792491e-01 9.329901952634574169e-02 1.086495984744692556e-01 2.623965174081570595e-01 9.247089516676146870e-01 1.661559051876584814e+00 3.741841278530873893e+00
7.044609328443517393e-01 5.509610792227067483e-02 2.077520395299699008e-01 2.226046175142509520e-01 2.334494285145432557e-01 1.988648671867636886e-01 3.165576008592050905e-01 1.005140238437714384e+00 1.584025316836817021e+00 4.974993632055449311e+00
8.050982089649734164e-01 5.618710502637518783e-02 2.070664041776404396e-01 2.246503421403778789e-01 2.394883717009080593e-01 3.339568432948135657e-01 5.438036644746805370e-01 1.128850251893519285e+00 1.648656153735368779e+00 4.749299297606575543e+00
9.057354850855950934e-01 5.329251635124506586e-02 2.386777516674108701e-01 2.520397230978955738e-01 3.041608996458202707e-01 3.003220152833532275e-01 4.579419630063747970e-01 9.529688335403766475e-01 2.078900298574515748e+00 5.370133323462845887e+00
1.006372761206216770e+00 5.572762465714645869e-02 2.140446365459392764e-01 1.888853054475019277e-01 3.007457350462751089e-01 3.780526950388159446e-01 5.231935498718536248e-01 7.252116167196613894e-01 1.781163674066964075e+00 5.002749551855210974e+00
1.107010037326838336e+00 6.010230066492448786e-02 2.317309367651915752e-01 2.240485888201150522e-01 2.507789646216602719e-01 3.364378634989771966e-01 4.768701008424488519e-01 9.209004662094426585e-01 1.964903831392798672e+00 4.429870795366504410e+00
1.207647313447460125e+00 6.602631923701286765e-02 2.311137789964538281e-01 2.572726712314141739e-01 2.891708091041100270e-01 3.759013118037385359e-01 6.482906653376377948e-01 1.111628638989335061e+00 2.309947990774191329e+00 4.369925843833237344e+00
1.308284589568081913e+00 7.607329590701165933e-02 2.942517712035008781e-01 3.118464926085884326e-01 3.444845367738766373e-01 3.922860691571231628e-01 7.531801030229913207e-01 1.189022616927880582e+00 2.447914226971786178e+00 3.113238371400846916e+00
1.408921865688703479e+00 8.029838136560475681e-02 3.279509091452803005e-01 3.426086776343052476e-01 4.000846923862221294e-01 4.690202147293524026e-01 6.710210288967839443e-01 1.147843050704537404e+00 2.170915400671718842e+00 2.486822483424119046e+00
1.509559141809325045e+00 8.441566893871084443e-02 4.191840321187504936e-01 4.955933801439328934e-01 5.358691163460099771e-01 6.854611865996356190e-01 9.514918246575064797e-01 1.357670242011911999e+00 2.124878359766384062e+00 2.218099288464759233e+00
1.610196417929946833e+00 1.006310174284223841e-01 4.464037731319417390e-01 5.333864910465244691e-01 5.135143016631777968e-01 6.103632563593930360e-01 9.206733770003641126e-01 1.430025702839298196e+00 1.472842159879877766e+00 1.603740835530724773e+00
1.710833694050568621e+00 1.141120576316465296e-01 5.360378276645975104e-01 5.775849074138816874e-01 5.993572863884629731e-01 6.970448447290277239e-01 9.503768845092250839e-01 1.570982733469169057e+00 1.518511701098980815e+00 1.552486256308435841e+00
1.811470970171190187e+00 1.260375222367801640e-01 6.207010595690615196e-01 6.461864910216529312e-01 7.031216862237029686e-01 7.178979522509383315e-01 1.019195725919307183e+00 1.277569560466385257e+00 1.675784839360122014e+00 1.611462139430921869e+00
1.912108246291811753e+00 1.461787676659990209e-01 6.722152030944710255e-01 6.850873512517532404e-01 6.875056779557101594e-01 7.227133536922637491e-01 9.025254754965990056e-01 1.048504808699601165e+00 1.554875221178293909e+00 1.533869556671342282e+00
2.012745522412433541e+00 1.629536424824765684e-01 6.521327402398691131e-01 6.691678971865652192e-01 7.506843305555007673e-01 7.602390539313272910e-01 1.102386072106868786e+00 1.088900638620072581e+00 1.331480349773728866e+00 1.238407896327270885e+00
2.113382798533055329e+00 1.947112647488327686e-01 6.429121245693042441e-01 6.696734544775592157e-01 7.944639293518230838e-01 8.023831115411587112e-01 1.055693403033396427e+00 1.232632006281441539e+00 1.202356849143424888e+00 1.059041942965236682e+00
2.214020074653676673e+00 2.351294578766530141e-01 7.164220926558597657e-01 8.080582194839700527e-01 9.012363133503916712e-01 8.367676758940508774e-01 1.104518987733031254e+00 1.153991228157587479e+00 9.308562242558129363e-01 1.004018059947034525e+00
2.314657350774298461e+00 2.541848644154195425e-01 7.214317264898713056e-01 8.359698085664192257e-01 7.456403278880775476e-01 7.697902341957107986e-01 9.788616638595626362e-01 9.479334731493511690e-01 9.197089756348664213e-01 7.815218976251627758e-01
2.415294626894920249e+00 3.207260404026195388e-01 9.209555306268344399e-01 9.023472635514708795e-01 8.812477091389374628e-01 9.189784193956729297e-01 9.998720764223604229e-01 8.918190631958836656e-01 9.859737317682317759e-01 7.158428605915487797e-01
2.515931903015542037e+00 3.675278845418167850e-01 7.583328845063928014e-01 7.911703235271815293e-01 7.629931682687722816e-01 8.344379235878578438e-01 9.696963340474086257e-01 9.197124519001261822e-01 8.249082623238775946e-01 6.640968055378636548e-01
2.616569179136163825e+00 6.253669412444888831e-01 1.051919174341480856e+00 9.469258224217284026e-01 8.094502718181131318e-01 7.822471762118622385e-01 9.546068628312027737e-01 9.406481775954633751e-01 7.341172756865302906e-01 5.200932893965508619e-01
2.717206455256785169e+00 8.057187273357294677e-01 8.844098058279699082e-01 8.385780806399060205e-01 8.915707609985913384e-01 8.820579614040062744e-01 8.867804050022014550e-01 7.393347954966053015e-01 7.096552170501516654e-01 4.871386634538538152e-01
2.817843731377406957e+00 1.387673492376048756e+00 8.438002433671396574e-01 8.986744707372836816e-01 9.323841825007390671e-01 1.025952273132612058e+00 9.276326495513560477e-01 7.361325616011688000e-01 6.221292770272283112e-01 5.170649755095066968e-01
2.918481007498028745e+00 1.712990401832276355e+00 8.049402625467902972e-01 8.778542365933428293e-01 1.034242094018407165e+00 1.133031123299465648e+00 8.362440212604318468e-01 6.880708167261045949e-01 6.420995456223459463e-01 5.385606844644302837e-01
3.019118283618650089e+00 2.976366869534412540e+00 9.732739756661968888e-01 9.523308343585291658e-01 9.200395671572118017e-01 9.950571398683810687e-01 9.466981163825765044e-01 6.732189654832239079e-01 5.481083291857907769e-01 4.698367401467006821e-01
3.119755559739271877e+00 2.995612121650220949e+00 1.063208667057996548e+00 1.221492619838312921e+00 1.163455036968987555e+00 9.760761323729951755e-01 8.399134121496584227e-01 7.084841550002837218e-01 5.661785286693652441e-01 4.844626482099051445e-01
3.220392835859893665e+00 2.338288967082332803e+00 1.131168452389297086e+00 1.221374918352141847e+00 1.126832644180512766e+00 8.140164262698570408e-01 8.200919154437302794e-01 7.392695659747128278e-01 5.798368618769360605e-01 3.943897117442334288e-01
3.321030111980515453e+00 1.693381375968015634e+00 1.055273081748541175e+00 1.111434146258286182e+00 1.137586519511666783e+00 9.373699165996782767e-01 8.034356900819298319e-01 8.069224627327576949e-01 4.920644409221545112e-01 3.817918841209554937e-01
3.421667388101137242e+00 1.300989735683589998e+00 9.147018306982905855e-01 1.005600983803416781e+00 9.760045236848324812e-01 9.957214017011052354e-01 9.308065747438292181e-01 7.326536000896234357e-01 5.104940285069150541e-01 3.839693290984104723e-01
3.522304664221758586e+00 9.305222629088267805e-01 1.117976518642248784e+00 1.064549494186827205e+00 9.420286971329950854e-01 1.010196365610731783e+00 7.936567453469763889e-01 7.010302747626987463e-01 4.766755753576457089e-01 3.853799192385155004e-01
3.622941940342380374e+00 8.390741130837459094e-01 1.043003098328753486e+00 1.001505042918788391e+00 8.580549628970481901e-01 9.200442572047091705e-01 6.752331900556702848e-01 5.893918821568635558e-01 5.301777878529888577e-01 4.339842067609187004e-01
3.723579216463002162e+00 7.471257373231265930e-01 1.097783736632977680e+00 1.024423694287240227e+00 8.499909977642312597e-01 9.703024645913953528e-01 7.524639479575320200e-01 5.805736527176204032e-01 4.720416749027062098e-01 4.499131950413129966e-01
3.824216492583623506e+00 7.198266541889256631e-01 9.976529582446024280e-01 8.475035654841877042e-01 9.215317091567024610e-01 9.803675177405367647e-01 7.185601015315330464e-01 7.530595022606493272e-01 4.830540464793052768e-01 4.676357210566184919e-01
3.924853768704245294e+00 7.414186008300620578e-01 9.218572699044595975e-01 1.045652476118554830e+00 1.182640218365815343e+00 1.104441135476192049e+00 7.426583705530006574e-01 7.676999468169013463e-01 5.037142299709789217e-01 4.636347723792337283e-01
4.025491044824867082e+00 7.761046106432080149e-01 9.009514381331037436e-01 9.592027605004134205e-01 1.204632723753692014e+00 1.064228114164322614e+00 8.385222018618994078e-01 7.418332159854064134e-01 5.552482784114899372e-01 4.993891649045050785e-01
4.126128320945488426e+00 7.654530560294691144e-01 9.487278186879327668e-01 8.897984927592068605e-01 1.065191578274326423e+00 1.049944204420047988e+00 8.559657989392113198e-01 8.284394533415176953e-01 5.320033304180921130e-01 5.272720208324331859e-01
4.226765597066110658e+00 7.822817027180137828e-01 9.393711603091842166e-01 9.011964970990924417e-01 9.608847545405965196e-01 9.037810675254477344e-01 9.281973556586345930e-01 7.474819689227372166e-01 5.166153030730126217e-01 4.605480380934460216e-01
4.327402873186732002e+00 8.088257946730949000e-01 9.034746248687728354e-01 1.036141498250073401e+00 9.976716665289695474e-01 8.456077031401152411e-01 9.074394244053757275e-01 8.217363417755110255e-01 5.809675258252723351e-01 4.608976682968656258e-01
4.428040149307353346e+00 8.199412514503631177e-01 1.088575443580749535e+00 9.556844725746491687e-01 1.098577336490474510e+00 8.497130022027719054e-01 8.091498016384481851e-01 7.734535988596715761e-01 6.912387342491473907e-01 4.667846711575006080e-01
4.528677425427975578e+00 7.774223655740021277e-01 8.710648556824512889e-01 1.067828725109822852e+00 1.023434093169524273e+00 8.849350235356212568e-01 8.093122636087252131e-01 8.524371756380824117e-01 6.858810009247224837e-01 5.637323555115419937e-01
4.629314701548596922e+00 7.195792349245015984e-01 1.051142785768144572e+00 9.624239375876882940e-01 9.673250564514734862e-01 8.529904270074007977e-01 8.820011722392147036e-01 7.946880559021908264e-01 7.927501525961433426e-01 5.920578100612765571e-01
4.729951977669219154e+00 6.944564578595670001e-01 9.468101707198390837e-01 9.290337931111706249e-01 9.602782851164860523e-01 1.047032452632481458e+00 9.446933644026074273e-01 8.449421814749162873e-01 9.294549277390443676e-01 6.257121316636593544e-01
4.830589253789840498e+00 7.402244506251218770e-01 1.153651466997080322e+00 9.937583560256836313e-01 1.058118641593422504e+00 9.545246975684171797e-01 9.724537860210717977e-01 9.997126412071059010e-01 8.463685737352237837e-01 6.405599116676294891e-01
4.931226529910461842e+00 7.602520916325674616e-01 1.140680642214892959e+00 9.171189872743704674e-01 9.875201760189072919e-01 1.123772359397047671e+00 9.453578356227735346e-01 9.685033255708783706e-01 8.731914016027033654e-01 8.000624684574914047e-01
5.031863806031084074e+00 8.316916842463576431e-01 1.149797748799045394e+00 8.515363785740031055e-01 9.803037987578279155e-01 1.011966173598351837e+00 9.791159527945102470e-01 8.509088914309507201e-01 7.925009844618335908e-01 8.686306529873137894e-01
5.132501082151705418e+00 8.867338391498612582e-01 1.156539979212825919e+00 9.131907648560061430e-01 1.023105759522839442e+00 1.100432775405479235e+00 1.092323811995113303e+00 1.000956213675396445e+00 8.932078359750116325e-01 8.865415819833004640e-01
5.233138358272327650e+00 9.764275428182681571e-01 1.126458537027923867e+00 9.480896936558347310e-01 1.013920120431255789e+00 1.080294115751778694e+00 9.490297637141446030e-01 9.720623661603654542e-01 8.994294319752685896e-01 1.093471446815056369e+00
5.333775634392948994e+00 1.029492059420077155e+00 1.108492295770052483e+00 9.544189855530785804e-01 1.193871529946646026e+00 1.241414200843718563e+00 1.093534393855015718e+00 1.096567799511908525e+00 1.116238607417022966e+00 1.159122895531129238e+00
5.434412910513570338e+00 1.098030078957953126e+00 1.183278137680520814e+00 8.632545565738152238e-01 9.524683050013392771e-01 1.063788770187775512e+00 9.684348880764331868e-01 1.130048557686148314e+00 1.285294291326753546e+00 1.287199766389779843e+00
5.535050186634192571e+00 1.094586894606844885e+00 1.070067387120574809e+00 9.741158786666797020e-01 1.115498394982389563e+00 1.036811012779724539e+00 9.904531774617731932e-01 1.065200427097942493e+00 1.305248847182792993e+00 1.395581475624408263e+00
5.635687462754813915e+00 1.154420881542719934e+00 1.040928537434327783e+00 9.793667578707757615e-01 1.057666683866561375e+00 8.634875623453783788e-01 9.092778790219538942e-01 1.236407872335574476e+00 1.140345758291696932e+00 1.457816458818880001e+00
5.736324738875435258e+00 1.223992452697137967e+00 1.121255992028423298e+00 9.645740311399038092e-01 9.474731674110368207e-01 1.055185614994194720e+00 8.909388812646708011e-01 1.259398444368859282e+00 1.119962855142712987e+00 1.317398609868006387e+00
5.836962014996057491e+00 1.243690156319222195e+00 1.042359368364827565e+00 1.151008569467083298e+00 1.051199254836606256e+00 9.810821379566162515e-01 9.791704837645808235e-01 1.428931775444822749e+00 1.144427052655347055e+00 1.473642545656578262e+00
5.937599291116678835e+00 1.089767605760174396e+00 9.857941385671664669e-01 9.756259092300814117e-01 1.070720499514919100e+00 1.008974077154449756e+00 1.242407803322022275e+00 1.376922046059889437e+00 1.329072349603404035e+00 1.577707931781501705e+00
6.038236567237300179e+00 1.225793985455209345e+00 9.804919622695958958e-01 1.118235533090021994e+00 1.066645745599354322e+00 1.119944915857308931e+00 1.097614125138927976e+00 1.230055256088424809e+00 1.180330542631865098e+00 1.520191690624934422e+00
6.138873843357922411e+00 1.102062439995243448e+00 9.537673549348286706e-01 1.136267183728474794e+00 1.059282519140949619e+00 9.369026371273927456e-01 1.129516937360559359e+00 1.233928617293082786e+00 1.241645821862952470e+00 1.409461440168184199e+00
6.239511119478543755e+00 1.096724942212906173e+00 1.135731188892572296e+00 1.031592915904020469e+00 9.458950706335335079e-01 1.000633216003580461e+00 1.013386888324342205e+00 1.246190102448732961e+00 1.345161489861406823e+00 1.515725178969029363e+00
6.340148395599165987e+00 1.009946735138172791e+00 1.115556439992008819e+00 1.097658269270149090e+00 9.344597103503120561e-01 8.823151810311037346e-01 9.980126957916404251e-01 1.186865909471166214e+00 1.423942827677892042e+00 1.482630342441006333e+00
6.440785671719787331e+00 9.912099495613653222e-01 1.106049788430082170e+00 1.230894309616145765e+00 9.642721988621543172e-01 1.025818667059835265e+00 9.406523360325315108e-01 1.101997761749697213e+00 1.590974439276622299e+00 1.611164265811076080e+00
6.541422947840408675e+00 9.511964006353905710e-01 9.555166592836819017e-01 1.117193138702017752e+00 1.014632179570553738e+00 1.055499981724347780e+00 9.713663700598273998e-01 1.347948402665860579e+00 1.268174150602834782e+00 1.657841844538889386e+00
6.642060223961030907e+00 9.347647762931896587e-01 1.038885714832585405e+00 1.059977062328376851e+00 1.079885199463723300e+00 1.028591369550155621e+00 1.217951535896427462e+00 1.099622521660453600e+00 1.326985342895062203e+00 1.515482333397629278e+00
6.742697500081652251e+00 9.167740647684313737e-01 8.408894704477232196e-01 9.679302957195881074e-01 1.049923929324148686e+00 1.006865394289367055e+00 1.111049744519083671e+00 1.232809930509679353e+00 1.324030250657193042e+00 1.512099793536736403e+00
6.843334776202274483e+00 8.960983547030009211e-01 8.687130917622154502e-01 1.066243887990237393e+00 1.053777577507261753e+00 1.020314780120549214e+00 1.095547651490201169e+00 1.084321529337756829e+00 1.287165529837570377e+00 1.424020627927410576e+00
6.943972052322895827e+00 9.044474460253444370e-01 7.256725418850138443e-01 1.058654045782995157e+00 8.770843180520009330e-01 1.127980631080282903e+00 1.023169540112977227e+00 9.876276057147687082e-01 1.234449754774760821e+00 1.270183466049529031e+00
7.044609328443517171e+00 9.370109421542583972e-01 8.412976252441215497e-01 9.712838054069096172e-01 9.448065716894118449e-01 1.084497034255712755e+00 1.110399092507847740e+00 1.031259848072431318e+00 1.052652779909765801e+00 1.225295249479048998e+00
7.145246604564139403e+00 8.881134095853032706e-01 8.338767359779480914e-01 1.066965568445920498e+00 1.139622514529878394e+00 9.682293014715391832e-01 1.084105642631334021e+00 9.789086507084805433e-01 1.037567126700968734e+00 1.069204973488562027e+00
7.245883880684760747e+00 9.560814361614854429e-01 8.958190269577264164e-01 1.021118482092342239e+00 1.018142996138194034e+00 1.049361000813636036e+00 1.048258779215732739e+00 1.243762010311267652e+00 1.073428453841816399e+00 9.678659604195598565e-01
7.346521156805382091e+00 9.327612130458392548e-01 1.046504916168951915e+00 9.577937559436577875e-01 9.785233754204970547e-01 1.067990862944240282e+00 1.180562302779269102e+00 9.588265547284064994e-01 1.117635702255073360e+00 9.532601846949499969e-01
7.447158432926004323e+00 9.271635351058944430e-01 1.032754158642589903e+00 9.773376731053987632e-01 9.864509332988026236e-01 9.472000456115340361e-01 1.200691217371085084e+00 9.336485547740993596e-01 9.192681425888888924e-01 8.598685010649249616e-01
7.547795709046625667e+00 9.373046261380834077e-01 1.033114332879483177e+00 9.523274326077408869e-01 1.114586425714727325e+00 9.261031586186776465e-01 1.030162306772454572e+00 8.966910904708296215e-01 7.804385315444323235e-01 8.373967520349714366e-01
7.648432985167247011e+00 9.227426372139544419e-01 9.589195766337016424e-01 8.977180588483326673e-01 9.684983559752818882e-01 8.841611635819947024e-01 9.479055188807841148e-01 7.476513138984648421e-01 7.689276146165894277e-01 6.890079618450475341e-01
7.749070261287869243e+00 9.954781149669720275e-01 9.833438612998443018e-01 8.349696521635063817e-01 1.127586461283730301e+00 1.076026136787681109e+00 9.932848960778641878e-01 7.574846427346416666e-01 8.730350615734451258e-01 7.322526970812583968e-01
7.849707537408490587e+00 9.904235668162010287e-01 1.245526181294462020e+00 1.008935206750411373e+00 9.273882163578933691e-01 9.882844383181141890e-01 9.567283099741782371e-01 8.796776287464385113e-01 8.741505383571788190e-01 6.789119037678577051e-01
7.950344813529112820e+00 1.045421463963844388e+00 9.532723532549864931e-01 9.559544641593591408e-01 9.747771261579553093e-01 9.567100439351184926e-01 1.129418958457988786e+00 9.142487222995847596e-01 7.638881795321951218e-01 8.004194501878345580e-01
8.050982089649734164e+00 1.041809220874936548e+00 1.195422960778724564e+00 1.057707153841180858e+00 8.019921566619803155e-01 8.485058543995592784e-01 1.027318849366925635e+00 1.052344051508665279e+00 8.589068630541100147e-01 7.410271376062061988e-01
8.151619365770356396e+00 1.095558752997267238e+00 9.935840579295275310e-01 9.740816814184823924e-01 9.497359523461911257e-01 9.464046453340221321e-01 1.058342117151802597e+00 8.841553473169964095e-01 6.935957361144237110e-01 8.245480921836922938e-01
8.252256641890976852e+00 1.084559448120099301e+00 1.025471027213534780e+00 9.452479401244446855e-01 8.987584746563527238e-01 8.795791523582665583e-01 9.423172043818899279e-01 8.774383602057643783e-01 7.849218294576535415e-01 7.300810355404482310e-01
8.352893918011599084e+00 1.044819938414141225e+00 8.161930074017023085e-01 9.869711935330061081e-01 1.044348735295264508e+00 9.020645202568791099e-01 1.010733446116700351e+00 7.267488996281048497e-01 7.554243901559262175e-01 7.227499001971097181e-01
8.453531194132221316e+00 1.053481025648113745e+00 8.032829482416367073e-01 9.688785499378056443e-01 1.064126237801117369e+00 8.601003158137617843e-01 9.321579404320616824e-01 9.904773118591768677e-01 7.293740261975298900e-01 6.631982011046263503e-01
8.554168470252841772e+00 1.087298810475076261e+00 9.428283678211616392e-01 1.083174328396028896e+00 1.083420993372409269e+00 1.135277142077330659e+00 9.893027666205580495e-01 8.661153745344440935e-01 8.015166221971266047e-01 6.175801827678852884e-01
8.654805746373464004e+00 1.022166716512471485e+00 8.438529168236463818e-01 1.075431366635809738e+00 8.998133742346736685e-01 9.648609157614755905e-01 9.471800282458063824e-01 8.868140437949214583e-01 7.964449492109756390e-01 7.428282858680612666e-01
8.755443022494086236e+00 9.933992462287759562e-01 1.023731227037721681e+00 1.020961384293018304e+00 1.050961655305576281e+00 1.026053671229627984e+00 9.852278753658749721e-01 8.270853765361406706e-01 8.349557138128989031e-01 8.281127272231744163e-01
8.856080298614706692e+00 1.022432662191289365e+00 1.049168896624961711e+00 9.694159520044803857e-01 1.129763399071713970e+00 9.135828814284351340e-01 1.132283800564214182e+00 1.007099199452892169e+00 8.615658887696244772e-01 7.929847941386134469e-01
8.956717574735328924e+00 9.837233814366280749e-01 1.018767808151679999e+00 8.302696753903114901e-01 1.140867914997278021e+00 9.317701193227639900e-01 1.144440144955046978e+00 8.157180949941291725e-01 8.712988120051663454e-01 7.979829663769765213e-01
9.057354850855951156e+00 9.900459308701049510e-01 8.555604172238175931e-01 1.017743893030621738e+00 1.070824704973628361e+00 8.479970900728646122e-01 8.556320997534594408e-01 1.082625117139345283e+00 8.132188918814213796e-01 7.720747207520415323e-01
9.157992126976573388e+00 9.770680509000201353e-01 7.290794761665349011e-01 9.183888124571248923e-01 8.861692003728545153e-01 9.455371270924975979e-01 1.015593421640194949e+00 8.490055772009759139e-01 8.805523772400737359e-01 7.917039955329802092e-01
9.258629403097193844e+00 9.641069759228937386e-01 9.243009655631722055e-01 8.770361773686702334e-01 9.654949800226559908e-01 9.304445520867828945e-01 8.496290632064653625e-01 9.710042380394140471e-01 8.967106473565618074e-01 7.021569362596794539e-01
9.359266679217816076e+00 9.664743615219124617e-01 8.962485283155389171e-01 8.352541277622659299e-01 9.325418150064842537e-01 1.026304370714471004e+00 1.070899472575066902e+00 9.237717282157409393e-01 8.710770402211477359e-01 7.272075885045068411e-01
9.459903955338438308e+00 9.778700961745537823e-01 9.666118833263005472e-01 8.714290392379301364e-01 1.008033166672999137e+00 9.088297256398828461e-01 8.871103999539595719e-01 9.954276007893050338e-01 8.799516189637208718e-01 7.408730587258569589e-01
9.560541231459058764e+00 9.829406265275694166e-01 9.257320761344391968e-01 8.226729470724319926e-01 9.213484966860047143e-01 9.039945309682624330e-01 8.686079734653937567e-01 9.013362120662757881e-01 8.129313369265724898e-01 8.490762874212748335e-01
9.661178507579680996e+00 9.791088963612182283e-01 9.310392123244041196e-01 8.970676993188018145e-01 9.133018506432715178e-01 8.431959026620740039e-01 8.764813648101736909e-01 9.180007577302122801e-01 8.927486932257348018e-01 8.626755398256407137e-01
9.761815783700303228e+00 9.719444407707849010e-01 1.056012396827032296e+00 9.659525633673868850e-01 9.083502142873408625e-01 7.253118202705397533e-01 8.865637834551619578e-01 9.065420446641599961e-01 8.799741032675730823e-01 8.224462085113312115e-01
9.862453059820923684e+00 9.639137654780410847e-01 9.610150013522998913e-01 1.090929731261833791e+00 9.914082633679749401e-01 8.073466375380141669e-01 8.986111988264675610e-01 8.131033822089615004e-01 1.016522002775420930e+00 9.707152716337451581e-01
9.963090335941545916e+00 9.863834489784831794e-01 1.077587261112626482e+00 1.045627381746267126e+00 1.045395741673258883e+00 9.238811362386024628e-01 9.343446205727968801e-01 8.168610088530302571e-01 1.035362116860310433e+00 8.843181169297711364e-01
1.006372761206216815e+01 1.030071975712127941e+00 1.115551349811115589e+00 9.185142244882129603e-01 1.021271962586989490e+00 9.665008904222496255e-01 9.600904915367984849e-01 9.669362774186553988e-01 1.037277077758383514e+00 9.090287467507665031e-01
1.016436488818278860e+01 1.034560843571759037e+00 9.436313794545700961e-01 8.886362840635748661e-01 8.959030727606888123e-01 1.032157114130950681e+00 9.331918674200742059e-01 1.062237258181738975e+00 1.138438217458159984e+00 9.309107797079316793e-01
1.026500216430341084e+01 1.011695010445251341e+00 1.046619766926709882e+00 7.776955540418585278e-01 9.698822073637283214e-01 1.017348293986132246e+00 8.438726720662066416e-01 1.095559972316131558e+00 1.186573037819686594e+00 1.082078739266285616e+00
1.036563944042403307e+01 1.031555857387880026e+00 9.820014812651918223e-01 9.047666414355433062e-01 1.062434819858739221e+00 1.112192138760473625e+00 9.237125026588787202e-01 1.005960662267811223e+00 1.362601959291298126e+00 1.225814778598134147e+00
1.046627671654465530e+01 1.030028358856457160e+00 1.002456727625340216e+00 7.745912643713880330e-01 1.045185435510652905e+00 1.164325135149284929e+00 1.004402911788274233e+00 1.071266827063859450e+00 1.197158141594662384e+00 1.383731462108409804e+00
1.056691399266527576e+01 1.040062579935306708e+00 8.451403476270203941e-01 1.093084127332373479e+00 9.464685325538386707e-01 1.003287773579598863e+00 9.723826903498778984e-01 1.009662274256195813e+00 1.086945845611336114e+00 1.307015086712660867e+00
1.066755126878589799e+01 1.006696172099833309e+00 1.006436131524626632e+00 9.418429268823864664e-01 9.425812567153698529e-01 1.084184616708389060e+00 1.060233060984815845e+00 1.153473090720689598e+00 1.028083676893296383e+00 1.303433827533286848e+00
1.076818854490652022e+01 1.034886758297958176e+00 9.201151307813001390e-01 1.153481739511720061e+00 1.024928862447942901e+00 1.002704287810769257e+00 9.925231516561661138e-01 1.061206115664471650e+00 1.144901757220774474e+00 1.258155962013341567e+00
1.086882582102714068e+01 9.986313034073045491e-01 8.913744013585966908e-01 9.942317064096622969e-01 1.087775769560475281e+00 1.049049259038732806e+00 1.003885884865302724e+00 9.531453863989338693e-01 1.129609294430526267e+00 1.234935530969087036e+00
1.096946309714776291e+01 1.025578633562639341e+00 8.995837512301413375e-01 1.177584990331552728e+00 1.125085191306359089e+00 9.167105596677628254e-01 8.950431425592517698e-01 9.704648333190727394e-01 1.157292412681117044e+00 1.381030354955572026e+00
1.107010037326838514e+01 1.015990636676432635e+00 9.840247222385899439e-01 1.057313888045815276e+00 1.145357661601975385e+00 1.025338754316322820e+00 1.176325236247680817e+00 1.074943693897622010e+00 1.200347072766177803e+00 1.253794066939129648e+00
1.117073764938900560e+01 1.009578089816415725e+00 1.017225701806595994e+00 1.093447283956674676e+00 1.080480289816339923e+00 1.092766391179945895e+00 1.181002298774899151e+00 1.091703162105311264e+00 1.354279552149366017e+00 1.248321944568906883e+00
1.127137492550962783e+01 9.847215524410058984e-01 9.864813211197687171e-01 9.051162530203231693e-01 9.783684785460547984e-01 1.084395203274097774e+00 1.095004447001828529e+00 1.148047332479874783e+00 1.225699340247344837e+00 1.254112452928291876e+00
1.137201220163025006e+01 9.968282913424478808e-01 1.047196703226749737e+00 9.086522340411814502e-01 7.675075523792580512e-01 1.087910213155662831e+00 1.030559580607944170e+00 1.229168350483631489e+00 1.189340758575440971e+00 1.235094943671031231e+00
1.147264947775087052e+01 9.923166259803030131e-01 9.864946882698402142e-01 9.840487913946951437e-01 1.054802158635978593e+00 1.083333963199304417e+00 1.053429242731766413e+00 9.785600514666794592e-01 1.085426836636440129e+00 1.050511836960411838e+00
1.157328675387149275e+01 9.772100545977060460e-01 1.110363878542582672e+00 9.673556426092864147e-01 8.756767270972888317e-01 1.129501076714835239e+00 1.092487808534878591e+00 1.028381983335318051e+00 1.058465472966082288e+00 1.098695060032984783e+00
1.167392402999211498e+01 9.700673698066564210e-01 1.057692352438815764e+00 9.114366558553805842e-01 9.700476635460242303e-01 1.102416650407028742e+00 1.098884604118387065e+00 1.101928467840388448e+00 9.944895438399898868e-01 1.069207803296666315e+00
1.177456130611273544e+01 9.687673981547764157e-01 1.172155213791063133e+00 8.466338765575461833e-01 1.037182876357342520e+00 1.141467664288975836e+00 1.091433890756470682e+00 1.062240601452849598e+00 1.150864481455859067e+00 1.072220022650994586e+00
1.187519858223335767e+01 9.727046369027487760e-01 9.839340106285264786e-01 9.163874270712215608e-01 9.220132091412007735e-01 1.074746478229226865e+00 1.102822829291013607e+00 1.095231240444485277e+00 1.166474017762856086e+00 9.752571147179228683e-01
1.197583585835397990e+01 9.725761252993558870e-01 1.133922911497965202e+00 9.393868961072294743e-01 1.092518562067254617e+00 1.066605916087545847e+00 1.231409235507714639e+00 1.088963278188592065e+00 1.032731092411003360e+00 8.320438622576005194e-01
1.207647313447460036e+01 9.888922506999417994e-01 8.943932422501683632e-01 9.180760169293055162e-01 8.751709755635072030e-01 9.827168526973600882e-01 1.138453706459360060e+00 1.019905507617216767e+00 1.022154052415460868e+00 9.139238468435448848e-01
1.217711041059522259e+01 9.899727076636141154e-01 1.090554543603757143e+00 9.280520829424810936e-01 1.061685105258897144e+00 1.210079578548398427e+00 9.869287515935392108e-01 1.002908755033257826e+00 1.001323309988307209e+00 9.008703686389079035e-01
1.227774768671584482e+01 9.806746672694596212e-01 1.014056814797839934e+00 1.006543951840059181e+00 8.520271642248656851e-01 1.106248695457140663e+00 9.335984333982552119e-01 9.628480082686312613e-01 9.934822770042226470e-01 1.017630564929157932e+00
1.237838496283646705e+01 9.888074635793144829e-01 1.281497623320169144e+00 1.093466406015015879e+00 1.114173562892590175e+00 1.008542577181674504e+00 1.007375759022311579e+00 1.051752292816357626e+00 1.061841602729147960e+00 8.648970878354811376e-01
1.247902223895708751e+01 9.882347038462696576e-01 1.162750595816939070e+00 1.020043570580153824e+00 9.583702665911741914e-01 9.443717289732400655e-01 9.940525288785778679e-01 1.001994301684324906e+00 1.038872843535384227e+00 9.138371744880259273e-01
1.257965951507770974e+01 9.823864332506134778e-01 1.083847847655802443e+00 9.317937074542835818e-01 1.075943128322727649e+00 9.102808442747500894e-01 9.438858581623132959e-01 1.094228839893228500e+00 9.085826688912693738e-01 9.228270116047913030e-01
1.268029679119833197e+01 9.983958679522023649e-01 1.005875790627461797e+00 1.044727326020762792e+00 1.221034525576785157e+00 9.695331333660917039e-01 8.154604844287107746e-01 9.524550536289373426e-01 1.042059101696094725e+00 7.905894179968827595e-01
1.278093406731895243e+01 9.757570194905307304e-01 9.380601245899607976e-01 8.699774785099733121e-01 9.755303068625718055e-01 9.499554891341587259e-01 9.741180951676428057e-01 9.068834163198724596e-01 9.980574389046559247e-01 7.359671533118622433e-01
