# t/tauB rate Stress_mPa
0.000000000000000000e+00 6.398348813209493724e-02 5.628679542065444075e+00
1.000000000000000000e+00 6.285988483685220340e-02 5.578507370772133989e+00
2.000000000000000000e+00 4.781054512957998159e-02 4.803526870142273530e+00
3.000000000000000000e+00 4.466098254161591369e-02 4.610544983880896730e+00
4.000000000000000000e+00 4.014869888475836729e-02 4.308919818809116009e+00
5.000000000000000000e+00 4.084411164057182020e-02 4.357550815443425485e+00
6.000000000000000000e+00 4.304429195258889507e-02 4.506131470718091059e+00
7.000000000000000000e+00 3.278221208665906689e-02 3.734884526602924026e+00
8.000000000000000000e+00 3.638709677419355026e-02 4.030330396919471703e+00
9.000000000000000000e+00 2.486253884771694872e-02 2.951799519185534404e+00
1.000000000000000000e+01 2.480070859167404773e-02 2.944748165975651144e+00
1.100000000000000000e+01 2.183227912670883397e-02 2.583731356717259953e+00
1.200000000000000000e+01 2.391345606376921520e-02 2.841579852797117667e+00
1.300000000000000000e+01 2.244788882950294120e-02 2.662477717828343859e+00
1.400000000000000000e+01 2.052144659377628383e-02 2.408383431708671640e+00
1.500000000000000000e+01 1.600768368817032106e-02 1.704937305255066260e+00
1.600000000000000000e+01 1.839185286517707948e-02 2.098113884111385996e+00
1.700000000000000000e+01 1.409678825752070860e-02 1.344942262379878128e+00
1.800000000000000000e+01 1.571268237934904735e-02 1.652262299953248359e+00
1.900000000000000000e+01 1.420911528150134093e-02 1.367418096831327201e+00
2.000000000000000000e+01 1.368624919302775973e-02 1.261244722954723008e+00
2.100000000000000000e+01 1.559965056782728135e-02 1.631817001123999189e+00
2.200000000000000000e+01 1.161383982579240227e-02 7.962650314582582212e-01
2.300000000000000000e+01 1.225776325005836949e-02 9.490794456432071202e-01
2.400000000000000000e+01 1.362179487179487197e-02 1.247876657442970050e+00
2.500000000000000000e+01 1.436045864410553236e-02 1.397421463702496869e+00
2.600000000000000000e+01 1.148429035752979339e-02 7.644985087041242799e-01
2.700000000000000000e+01 1.426910474579854218e-02 1.379348884027165489e+00
2.800000000000000000e+01 1.316872427983539068e-02 1.152083945854580849e+00
2.900000000000000000e+01 1.192160032329763614e-02 8.703314970556531582e-01
3.000000000000000000e+01 1.336766016437270985e-02 1.194544516789513233e+00
3.100000000000000000e+01 1.247220342260466075e-02 9.981928248847017349e-01
3.200000000000000000e+01 1.275751275751275775e-02 1.062244198024020481e+00
3.300000000000000000e+01 1.169644501749861863e-02 8.163359799035239117e-01
3.400000000000000000e+01 9.490238611713665631e-03 2.244110307460007170e-01
3.500000000000000000e+01 1.127385707944962220e-02 7.121268648385544742e-01
3.600000000000000000e+01 1.030567685589519646e-02 4.578469151995517294e-01
3.700000000000000000e+01 1.286780475250922165e-02 1.086621393140090985e+00
3.800000000000000000e+01 1.031189248584227919e-02 4.595543888649883391e-01
3.900000000000000000e+01 1.330340068179928538e-02 1.180898556947507672e+00
4.000000000000000000e+01 1.192518173650249091e-02 8.711821079988737448e-01
4.100000000000000000e+01 9.985504912224191232e-03 3.684714547847837696e-01
4.200000000000000000e+01 1.044634377967711310e-02 4.962392536661476283e-01
4.300000000000000000e+01 8.489096573208723337e-03 -9.129134053383190783e-02
4.400000000000000000e+01 1.100412654745529586e-02 6.435493463925915369e-01
4.500000000000000000e+01 9.661106498603667936e-03 2.749444871861386752e-01
4.600000000000000000e+01 1.092774308652988413e-02 6.238236771328131702e-01
4.700000000000000000e+01 7.118221178542599205e-03 -5.900571156806043716e-01
4.800000000000000000e+01 9.128450336883286650e-03 1.143416874915588605e-01
4.900000000000000000e+01 7.808022922636103334e-03 -3.281245308055036336e-01
5.000000000000000000e+01 8.733624454148471161e-03 -1.087170204966908006e-02
5.100000000000000000e+01 8.146497702269878474e-03 -2.079495568567472363e-01
5.200000000000000000e+01 9.358012798458680004e-03 1.846773662915255354e-01
5.300000000000000000e+01 1.005298193180274337e-02 3.875435727392650409e-01
5.400000000000000000e+01 9.137942619095612909e-03 1.172849174743573752e-01
5.500000000000000000e+01 8.971291866028708109e-03 6.516235447951691795e-02
5.600000000000000000e+01 9.064634787178140612e-03 9.447487198618619020e-02
5.700000000000000000e+01 8.556981719175418832e-03 -6.873550663441974073e-02
5.800000000000000000e+01 8.115942028985507692e-03 -2.185913051678284591e-01
5.900000000000000000e+01 7.593159775395610066e-03 -4.071455001626433923e-01
6.000000000000000000e+01 9.272692865703651907e-03 1.587397207904687746e-01
6.100000000000000000e+01 9.249999999999999542e-03 1.518008028872774584e-01
6.200000000000000000e+01 7.617042358186771993e-03 -3.982524042189459768e-01
6.300000000000000000e+01 9.658292071642520654e-03 2.741193945753818695e-01
6.400000000000000000e+01 8.682980144513935405e-03 -2.734098539924295634e-02
6.500000000000000000e+01 8.667910672365015251e-03 -3.226005182200742533e-02
6.600000000000000000e+01 8.334325514942255569e-03 -1.433980895551941470e-01
6.700000000000000000e+01 8.502096002834032273e-03 -8.695815949297810987e-02
6.800000000000000000e+01 7.117228398329509750e-03 -5.904521076268101076e-01
6.900000000000000000e+01 6.901751536944670390e-03 -6.775133269435371641e-01
7.000000000000000000e+01 8.583690987124463490e-03 -5.990997677478895195e-02
7.100000000000000000e+01 8.583447021373351998e-03 -5.999046591321574584e-02
7.200000000000000000e+01 7.331378299120235031e-03 -5.065003047514188284e-01
7.300000000000000000e+01 7.669913783450900933e-03 -3.786635946417015175e-01
7.400000000000000000e+01 6.902310047314222027e-03 -6.772841712419108706e-01
7.500000000000000000e+01 7.133772051097716366e-03 -5.838771560001506655e-01
7.600000000000000000e+01 9.309457313400142792e-03 1.699454200217657696e-01
7.700000000000000000e+01 6.925509870214854001e-03 -6.677816756540118082e-01
7.800000000000000000e+01 7.706501682405296483e-03 -3.651867103345588506e-01
7.900000000000000000e+01 1.017168074915236059e-02 4.207847507474926085e-01
8.000000000000000000e+01 7.189226889854605750e-03 -5.619484011918661759e-01
8.100000000000000000e+01 7.246376811594202987e-03 -5.395256306585202166e-01
8.200000000000000000e+01 7.460712206995079483e-03 -4.569780709082720827e-01
8.300000000000000000e+01 7.715725383161872557e-03 -3.617993259749933133e-01
8.400000000000000000e+01 1.105638230978830440e-02 6.569654310088643978e-01
8.500000000000000000e+01 9.607307853842922407e-03 2.591308124551697234e-01
8.600000000000000000e+01 8.138139704731598562e-03 -2.108564595781385054e-01
8.700000000000000000e+01 1.041828642512828557e-02 4.886229788786021766e-01
8.800000000000000000e+01 9.134540950611549567e-03 1.162305288158210492e-01
8.900000000000000000e+01 8.900550496475792897e-03 4.274353597791327036e-02
9.000000000000000000e+01 7.683245402858166970e-03 -3.737455600661035438e-01
9.100000000000000000e+01 7.079646017699114946e-03 -6.054454643907366540e-01
9.200000000000000000e+01 8.433554568591246359e-03 -1.098805543398651552e-01
9.300000000000000000e+01 7.526988214321085266e-03 -4.319325263505650048e-01
9.400000000000000000e+01 7.135826771653543642e-03 -5.830616121451543954e-01
9.500000000000000000e+01 8.460485133020344967e-03 -1.008519914479222152e-01
9.600000000000000000e+01 6.810000972857281794e-03 -7.154123987351023173e-01
9.700000000000000000e+01 7.349030604844558438e-03 -4.996899487939470696e-01
9.800000000000000000e+01 8.117584898410105596e-03 -2.180181179760252996e-01
9.900000000000000000e+01 8.033280734471381565e-03 -2.475821375094403032e-01
1.000000000000000000e+02 7.849666983824929445e-03 -3.130607937369717098e-01
1.010000000000000000e+02 6.775324552260020804e-03 -7.298691753497728030e-01
1.020000000000000000e+02 9.469518515028738093e-03 2.182213892527289090e-01
1.030000000000000000e+02 8.453482365096510326e-03 -1.031969252195718278e-01
1.040000000000000000e+02 7.193908534591488858e-03 -5.601048669239869771e-01
1.050000000000000000e+02 8.083999256643745884e-03 -2.297590644183259423e-01
1.060000000000000000e+02 8.401801049064660729e-03 -1.205631404921888028e-01
1.070000000000000000e+02 7.851831324188259659e-03 -3.122800818726702565e-01
1.080000000000000000e+02 8.272819192940527103e-03 -1.643745925207339420e-01
1.090000000000000000e+02 8.694052164312985817e-03 -2.373222857308572575e-02
1.100000000000000000e+02 8.069692801467217083e-03 -2.347751699746295495e-01
1.110000000000000000e+02 7.672402052027058050e-03 -3.777450238021619611e-01
1.120000000000000000e+02 7.234254193606727730e-03 -5.442671262233484963e-01
1.130000000000000000e+02 8.455898889038816410e-03 -1.023875130987950827e-01
1.140000000000000000e+02 7.048576816018676215e-03 -6.179006319001062453e-01
1.150000000000000000e+02 1.114656838509595939e-02 6.799712392908526803e-01
1.160000000000000000e+02 8.227307467517871314e-03 -1.799968373050508941e-01
1.170000000000000000e+02 1.051265992663505400e-02 5.141600132924081246e-01
1.180000000000000000e+02 8.144634386467376752e-03 -2.085973577142912760e-01
1.190000000000000000e+02 6.659610126135661647e-03 -7.786522310653933854e-01
1.200000000000000000e+02 8.587619877942457777e-03 -5.861407277128860560e-02
1.210000000000000000e+02 8.754355400696864700e-03 -4.157629875489242226e-03
1.220000000000000000e+02 7.999304408312320203e-03 -2.595848617031974448e-01
1.230000000000000000e+02 8.095939042341328273e-03 -2.255795477260225945e-01
1.240000000000000000e+02 6.684027777777777450e-03 -7.682880153301128168e-01
1.250000000000000000e+02 8.755660987707568690e-03 -3.735325497867648861e-03
1.260000000000000000e+02 8.991484027147365193e-03 7.152907591862996128e-02
1.270000000000000000e+02 7.220997102953257731e-03 -5.494614499919573403e-01
1.280000000000000000e+02 7.543934847835404717e-03 -4.255638367538944755e-01
1.290000000000000000e+02 8.476381138987094249e-03 -9.553627996979822956e-02
1.300000000000000000e+02 9.052273693157671455e-03 9.061049754374961296e-02
1.310000000000000000e+02 8.144911551351122214e-03 -2.085009891162594997e-01
1.320000000000000000e+02 6.554465493910689895e-03 -8.237199730043319734e-01
1.330000000000000000e+02 7.871364229490255410e-03 -3.052439727456014440e-01
1.340000000000000000e+02 7.458621412109784146e-03 -4.577717927305460233e-01
1.350000000000000000e+02 7.939160956042119396e-03 -2.809571107380692268e-01
1.360000000000000000e+02 8.174841508174841148e-03 -1.981137696252450175e-01
1.370000000000000000e+02 7.539467655267213970e-03 -4.272412562286780902e-01
1.380000000000000000e+02 7.384053762548742697e-03 -4.862261145455907818e-01
1.390000000000000000e+02 8.288318007504845084e-03 -1.590741177906355996e-01
1.400000000000000000e+02 7.833113456464379371e-03 -3.190390422485671063e-01
1.410000000000000000e+02 7.889870556811177243e-03 -2.985937450572259122e-01
1.420000000000000000e+02 7.008771210754979886e-03 -6.339385617725392663e-01
1.430000000000000000e+02 7.437982753688340137e-03 -4.656187407895015506e-01
1.440000000000000000e+02 9.382011013665102900e-03 1.919303275398370479e-01
1.450000000000000000e+02 7.660649525284218310e-03 -3.820862163724896843e-01
1.460000000000000000e+02 8.215055512627597242e-03 -1.842171783980272315e-01
1.470000000000000000e+02 8.020740500688648689e-03 -2.520062707972064442e-01
1.480000000000000000e+02 7.431040749565849361e-03 -4.682630288576779543e-01
1.490000000000000000e+02 8.198697853870267477e-03 -1.898616032950906363e-01
1.500000000000000000e+02 7.929832992911209355e-03 -2.842863406719222663e-01
1.510000000000000000e+02 7.505888928813830158e-03 -4.398818877265170402e-01
1.520000000000000000e+02 7.921343842050792769e-03 -2.873195968897079844e-01
1.530000000000000000e+02 8.600095556617295967e-03 -5.450302601210692266e-02
1.540000000000000000e+02 7.127782423446023946e-03 -5.862558539593677454e-01
1.550000000000000000e+02 8.504550331836426003e-03 -8.614078625049310933e-02
1.560000000000000000e+02 8.060673443456163254e-03 -2.379420948217451925e-01
1.570000000000000000e+02 6.941965171169027331e-03 -6.610609687629992459e-01
1.580000000000000000e+02 8.271658685241619832e-03 -1.647718767039848542e-01
1.590000000000000000e+02 7.390720101177772686e-03 -4.836706322756227361e-01
1.600000000000000000e+02 8.737749439130948134e-03 -9.534485827603370045e-03
1.610000000000000000e+02 6.913890634820867541e-03 -6.725368526735379104e-01
1.620000000000000000e+02 7.256894049346879726e-03 -5.354184659042717787e-01
1.630000000000000000e+02 8.378029205653211853e-03 -1.285869738902889747e-01
1.640000000000000000e+02 8.405989756421785447e-03 -1.191516573065777296e-01
1.650000000000000000e+02 7.656549083948591475e-03 -3.836024201841928827e-01
1.660000000000000000e+02 7.941451261289318719e-03 -2.801402792997877977e-01
1.670000000000000000e+02 8.297789841023653357e-03 -1.558397013728241021e-01
1.680000000000000000e+02 8.371768536103251987e-03 -1.307039577604184877e-01
1.690000000000000000e+02 8.740041766571273948e-03 -8.791643874329181998e-03
1.700000000000000000e+02 8.200843294263278002e-03 -1.891206495916025465e-01
1.710000000000000000e+02 7.760917409938607354e-03 -3.452609595920090313e-01
1.720000000000000000e+02 7.991086864650966820e-03 -2.624955069897514370e-01
1.730000000000000000e+02 8.908343892792689594e-03 4.522207719646020169e-02
1.740000000000000000e+02 8.377204780386580951e-03 -1.288656547304068423e-01
1.750000000000000000e+02 7.952362658470995757e-03 -2.762519895250588609e-01
1.760000000000000000e+02 8.957966465048617169e-03 6.095291416415882235e-02
1.770000000000000000e+02 8.546682437330687179e-03 -7.214605450522559860e-02
1.780000000000000000e+02 8.467788076438951053e-03 -9.840860805544536516e-02
1.790000000000000000e+02 8.528459927660384660e-03 -7.819041467970215542e-02
1.800000000000000000e+02 8.888551242118057985e-03 3.892315546671400173e-02
1.810000000000000000e+02 8.312141799825407615e-03 -1.509458614838161683e-01
1.820000000000000000e+02 8.537927370697832516e-03 -7.504847775144900257e-02
1.830000000000000000e+02 8.489028688369272199e-03 -9.131398642293810097e-02
1.840000000000000000e+02 7.989397955319953865e-03 -2.630940876766739156e-01
1.850000000000000000e+02 8.280712368132490606e-03 -1.616739479650035893e-01
1.860000000000000000e+02 8.950151057401812410e-03 5.848114425031034763e-02
1.870000000000000000e+02 8.342455928428523654e-03 -1.406368330967670555e-01
1.880000000000000000e+02 8.941653830258857252e-03 5.579128583196373697e-02
1.890000000000000000e+02 8.299222651995943542e-03 -1.553507504239276527e-01
1.900000000000000000e+02 9.103510283594950028e-03 1.065940268755846410e-01
1.910000000000000000e+02 9.495682081573142419e-03 2.260348978592608693e-01
1.920000000000000000e+02 8.733460774391844234e-03 -1.092477593059910934e-02
1.930000000000000000e+02 6.854189295479231475e-03 -6.970963646170965644e-01
1.940000000000000000e+02 8.214391911983347921e-03 -1.844459437017598180e-01
1.950000000000000000e+02 8.220502901353964748e-03 -1.823399797453606197e-01
1.960000000000000000e+02 7.545907367481971204e-03 -4.248234767384231891e-01
1.970000000000000000e+02 8.304908794305204678e-03 -1.534111695478424520e-01
1.980000000000000000e+02 8.550488599348534530e-03 -7.088518733655645165e-02
1.990000000000000000e+02 8.066306519647747225e-03 -2.359637640273171688e-01
2.000000000000000000e+02 8.532801418439716484e-03 -7.674918209910286393e-02
2.010000000000000000e+02 9.388283126963593156e-03 1.938228853184668365e-01
2.020000000000000000e+02 8.166432636168797707e-03 -2.010282301608295463e-01
2.030000000000000000e+02 9.321346989904943925e-03 1.735598915479331372e-01
2.040000000000000000e+02 7.840106007067138005e-03 -3.165121673201634067e-01
2.050000000000000000e+02 7.990573332842360391e-03 -2.626774987692589436e-01
2.060000000000000000e+02 8.771929824561403022e-03 1.521707672469625522e-03
2.070000000000000000e+02 8.179507018901292781e-03 -1.964980266747737847e-01
2.080000000000000000e+02 8.158765159867695585e-03 -2.036883446998319080e-01
2.090000000000000000e+02 8.634626690182245837e-03 -4.315517978311751712e-02
2.100000000000000000e+02 7.846300505976388021e-03 -3.142755635516882307e-01
2.110000000000000000e+02 7.720171234129743001e-03 -3.601680427671902773e-01
2.120000000000000000e+02 8.749130578028334326e-03 -5.848278406070417032e-03
2.130000000000000000e+02 8.167002380516388826e-03 -2.008306657057651601e-01
2.140000000000000000e+02 7.872285892131375418e-03 -3.049124045473190492e-01
2.150000000000000000e+02 9.266014883992411758e-03 1.566995238100290233e-01
2.160000000000000000e+02 8.127414534587068529e-03 -2.145910390167791171e-01
2.170000000000000000e+02 8.816992749662987128e-03 1.603237570123057509e-02
2.180000000000000000e+02 7.668544430310739526e-03 -3.791692330670091704e-01
2.190000000000000000e+02 8.137465034329931235e-03 -2.110912394375361600e-01
2.200000000000000000e+02 7.287889775199419932e-03 -5.233486259296473708e-01
2.210000000000000000e+02 7.787315730377775136e-03 -3.356447928789062507e-01
2.220000000000000000e+02 9.352206254062252200e-03 1.829196644517385728e-01
2.230000000000000000e+02 8.668015024559376502e-03 -3.222595916387170634e-02
2.240000000000000000e+02 8.027646783541524458e-03 -2.495689128922500000e-01
2.250000000000000000e+02 8.852105073767541424e-03 2.728754644116779954e-02
2.260000000000000000e+02 8.614164714362947811e-03 -4.987403704969446683e-02
2.270000000000000000e+02 8.653950167670284438e-03 -3.682475962146893045e-02
2.280000000000000000e+02 8.152664045308611468e-03 -2.058068204589850458e-01
2.290000000000000000e+02 9.108910891089108328e-03 1.082735317043978102e-01
2.300000000000000000e+02 8.625045110068566695e-03 -4.629938555862014860e-02
2.310000000000000000e+02 8.667505844272612586e-03 -3.239231613356220729e-02
2.320000000000000000e+02 8.370756242141189074e-03 -1.310464036921344944e-01
2.330000000000000000e+02 8.465760304193421446e-03 -9.908683887098633514e-02
2.340000000000000000e+02 9.898495428694838519e-03 3.436874253992343031e-01
2.350000000000000000e+02 8.480998953408640240e-03 -9.399392603366255039e-02
2.360000000000000000e+02 7.664481931162923575e-03 -3.806698565044749349e-01
2.370000000000000000e+02 9.082782048989808052e-03 1.001386046944913455e-01
2.380000000000000000e+02 8.703750134317131751e-03 -2.057509610485059107e-02
2.390000000000000000e+02 8.634588513489305228e-03 -4.316770058136921301e-02
2.400000000000000000e+02 7.398670383873043148e-03 -4.806259733241308174e-01
2.410000000000000000e+02 9.530608602534356918e-03 2.364318968617767081e-01
2.420000000000000000e+02 9.189730386898376305e-03 1.332888729583721898e-01
2.430000000000000000e+02 8.616066640449036168e-03 -4.924885162794542109e-02
2.440000000000000000e+02 8.050953590725301590e-03 -2.413589506314156030e-01
2.450000000000000000e+02 9.399907073162013654e-03 1.973269733885684718e-01
2.460000000000000000e+02 8.693474527761877249e-03 -2.392038678238064126e-02
2.470000000000000000e+02 9.642268262957918307e-03 2.694171821181151061e-01
2.480000000000000000e+02 7.748878923766816355e-03 -3.496571063785244848e-01
2.490000000000000000e+02 9.104866640482735946e-03 1.070159264210281402e-01
2.500000000000000000e+02 7.650781166207857968e-03 -3.857365750994311560e-01
2.510000000000000000e+02 8.060489335901276087e-03 -2.380067765419699444e-01
2.520000000000000000e+02 8.674853634156789312e-03 -2.999262755148926832e-02
2.530000000000000000e+02 8.983957219251336584e-03 6.915749683269592496e-02
2.540000000000000000e+02 8.503219838474402117e-03 -8.658385554022945962e-02
2.550000000000000000e+02 8.479407154054438914e-03 -9.452549350012122431e-02
2.560000000000000000e+02 7.866728366496992392e-03 -3.069123137475332497e-01
2.570000000000000000e+02 9.159004579502290008e-03 1.238046032299778276e-01
2.580000000000000000e+02 9.429262738400227134e-03 2.061571099612125590e-01
2.590000000000000000e+02 8.405755805670322989e-03 -1.192304739527091095e-01
2.600000000000000000e+02 8.924460813825831756e-03 5.034088539991350003e-02
2.610000000000000000e+02 9.369343791035241245e-03 1.881042379716128254e-01
2.620000000000000000e+02 7.946925887820626561e-03 -2.781887220809418082e-01
2.630000000000000000e+02 8.695959560253102225e-03 -2.311100590385715275e-02
2.640000000000000000e+02 9.434628975265018508e-03 2.077682929575991599e-01
2.650000000000000000e+02 8.884012317276040668e-03 3.747668610405561346e-02
2.660000000000000000e+02 9.020162716660770630e-03 8.054712434134696231e-02
2.670000000000000000e+02 8.345658144939784723e-03 -1.395500327894423631e-01
2.680000000000000000e+02 7.926442612555484324e-03 -2.854973669255350122e-01
2.690000000000000000e+02 9.224052950288691433e-03 1.438459454680203753e-01
2.700000000000000000e+02 8.342133051742344624e-03 -1.407464373706764638e-01
2.710000000000000000e+02 9.015036799661936204e-03 7.893737986076077018e-02
2.720000000000000000e+02 8.147783943246470970e-03 -2.075024684199998359e-01
2.730000000000000000e+02 8.911655322433513146e-03 4.627455796945615513e-02
2.740000000000000000e+02 9.264458169567658247e-03 1.562237190758654359e-01
2.750000000000000000e+02 8.485571022826886994e-03 -9.246767810315703606e-02
2.760000000000000000e+02 9.534492428491306987e-03 2.375856873899667709e-01
2.770000000000000000e+02 9.018176714155379942e-03 7.992354810937930820e-02
2.780000000000000000e+02 8.712453890743017751e-03 -1.774461945972885188e-02
2.790000000000000000e+02 9.071410991174711988e-03 9.659104028043195844e-02
2.800000000000000000e+02 7.666877681648730410e-03 -3.797848076744310686e-01
2.810000000000000000e+02 8.377440499141224767e-03 -1.287859718151199151e-01
2.820000000000000000e+02 9.016594744412869192e-03 7.942673408700712256e-02
2.830000000000000000e+02 8.273444347063979576e-03 -1.641606025213360742e-01
2.840000000000000000e+02 8.472202772720907951e-03 -9.693258213669347922e-02
2.850000000000000000e+02 6.815560448778441513e-03 -7.131014740783784278e-01
2.860000000000000000e+02 9.113446698557910175e-03 1.096833280173196007e-01
2.870000000000000000e+02 8.046178065418926537e-03 -2.430392202773657695e-01
2.880000000000000000e+02 8.313539192399049815e-03 -1.504698194486172591e-01
2.890000000000000000e+02 8.659822613310984643e-03 -3.490373194087043052e-02
2.900000000000000000e+02 7.444168734491315130e-03 -4.632645091806067983e-01
2.910000000000000000e+02 8.715052638917938563e-03 -1.690005021789110426e-02
2.920000000000000000e+02 8.614075469066052176e-03 -4.990337641640695682e-02
2.930000000000000000e+02 9.026906454760908957e-03 8.266353698537039218e-02
2.940000000000000000e+02 8.752658925271123574e-03 -4.706464878787442602e-03
2.950000000000000000e+02 8.477828559466908317e-03 -9.505274990984539929e-02
2.960000000000000000e+02 8.120730517217343222e-03 -2.169209542525202816e-01
2.970000000000000000e+02 8.487007544006705539e-03 -9.198830846755477741e-02
2.980000000000000000e+02 7.946465913843580448e-03 -2.783526386997794422e-01
2.990000000000000000e+02 8.501925946489919880e-03 -8.701480265587700769e-02
3.000000000000000000e+02 8.534554537885095590e-03 -7.616741175834208788e-02
3.010000000000000000e+02 8.508126128628976798e-03 -8.495034899893860736e-02
3.020000000000000000e+02 9.219636085307727699e-03 1.424895927094704251e-01
3.030000000000000000e+02 8.608122179798680454e-03 -5.186120537496142352e-02
3.040000000000000000e+02 9.757785467128026954e-03 3.031424325920983875e-01
3.050000000000000000e+02 9.132104189006883324e-03 1.154749834118158625e-01
3.060000000000000000e+02 9.066371375181674075e-03 9.501734883281803823e-02
3.070000000000000000e+02 8.442030239075528145e-03 -1.070359518679190880e-01
3.080000000000000000e+02 1.011286370068684680e-02 4.043620151846910593e-01
3.090000000000000000e+02 8.695953436807095024e-03 -2.311300004022128277e-02
3.100000000000000000e+02 8.908763172490294716e-03 4.535535964368362510e-02
3.110000000000000000e+02 9.288353302717447524e-03 1.635183996276362295e-01
3.120000000000000000e+02 9.471464620277231239e-03 2.188033184162755107e-01
3.130000000000000000e+02 7.869395644220480296e-03 -3.059523014704214616e-01
3.140000000000000000e+02 9.126601460256233977e-03 1.137680583864775635e-01
3.150000000000000000e+02 7.996139794581925628e-03 -2.607054103693836056e-01
3.160000000000000000e+02 9.259896729776248211e-03 1.548290692491737230e-01
3.170000000000000000e+02 9.108787910154228160e-03 1.082352976294476687e-01
3.180000000000000000e+02 8.031436351728654319e-03 -2.482323933845403674e-01
3.190000000000000000e+02 9.410633328753949256e-03 2.005566068088541765e-01
3.200000000000000000e+02 9.557862889362580411e-03 2.445185772383504930e-01
3.210000000000000000e+02 9.105903374338532655e-03 1.073383637289179043e-01
3.220000000000000000e+02 9.220712196800274693e-03 1.428201102141083700e-01
3.230000000000000000e+02 9.077780070146482944e-03 9.857862520273245888e-02
3.240000000000000000e+02 8.735727060118310058e-03 -1.019001126037299282e-02
3.250000000000000000e+02 9.298481248062815882e-03 1.666045868823834153e-01
3.260000000000000000e+02 8.117218133039829850e-03 -2.181460701336829788e-01
3.270000000000000000e+02 8.467893997051664096e-03 -9.837318515597835711e-02
3.280000000000000000e+02 9.367279714520998848e-03 1.874803009170391832e-01
3.290000000000000000e+02 9.669455493073651764e-03 2.773907101261871566e-01
3.300000000000000000e+02 7.783301902965883770e-03 -3.371048141356137173e-01
3.310000000000000000e+02 1.294776247552975948e-02 1.104163689728474118e+00
3.320000000000000000e+02 1.030750137892995008e-02 4.583482302092739546e-01
3.330000000000000000e+02 1.047556280134586716e-02 5.041491539527193089e-01
3.340000000000000000e+02 9.400256685975926299e-03 1.974322985235114070e-01
3.350000000000000000e+02 9.726212315253885202e-03 2.939644641130310654e-01
3.360000000000000000e+02 8.069823018044540094e-03 -2.347294735639793573e-01
3.370000000000000000e+02 8.523894290017800315e-03 -7.970684835318654626e-02
3.380000000000000000e+02 9.455215729109775480e-03 2.139408622019404460e-01
3.390000000000000000e+02 9.120098374094821186e-03 1.117494990824802054e-01
3.400000000000000000e+02 9.542702739679173943e-03 2.400232256244770879e-01
3.410000000000000000e+02 8.710263708377628464e-03 -1.845660421912943133e-02
3.420000000000000000e+02 8.634868421052632401e-03 -4.307590066883159458e-02
3.430000000000000000e+02 8.010132475267859459e-03 -2.557541342246166249e-01
3.440000000000000000e+02 8.852279718367625158e-03 2.734341669396513075e-02
3.450000000000000000e+02 8.270676691729322502e-03 -1.651080924989456744e-01
3.460000000000000000e+02 9.423011266643905107e-03 2.042789833748963613e-01
3.470000000000000000e+02 9.028419000718169649e-03 8.313800787640834855e-02
3.480000000000000000e+02 9.929126579244702475e-03 3.524372498313405044e-01
3.490000000000000000e+02 8.538509018585830473e-03 -7.485556131748856423e-02
3.500000000000000000e+02 8.976291626695902595e-03 6.674014578676656928e-02
3.510000000000000000e+02 9.472352357829224440e-03 2.190687321654934960e-01
3.520000000000000000e+02 9.024098444710306269e-03 8.178248082566252908e-02
3.530000000000000000e+02 9.986661650535244572e-03 3.687994868175910601e-01
3.540000000000000000e+02 8.953897679505143717e-03 5.966635330403369936e-02
3.550000000000000000e+02 9.426873420315595373e-03 2.054394353519297667e-01
3.560000000000000000e+02 9.497779296207721142e-03 2.266602794284357791e-01
3.570000000000000000e+02 9.857425472406030481e-03 3.319131577978154390e-01
3.580000000000000000e+02 8.593936500358081293e-03 -5.653184252992183439e-02
3.590000000000000000e+02 8.833259438627604279e-03 2.125218558078533285e-02
3.600000000000000000e+02 8.284185047557358558e-03 -1.604865883755699774e-01
3.610000000000000000e+02 8.458390177353341741e-03 -1.015533008542287285e-01
3.620000000000000000e+02 9.868196407839924245e-03 3.350057957153467214e-01
3.630000000000000000e+02 9.592654767206824917e-03 2.548083111511404431e-01
3.640000000000000000e+02 8.293067406874335759e-03 -1.574518438104721141e-01
3.650000000000000000e+02 8.797653958944282385e-03 9.814216091829575800e-03
3.660000000000000000e+02 8.476595744680851668e-03 -9.546458287060319292e-02
3.670000000000000000e+02 9.767552666507844233e-03 3.059756365529048283e-01
3.680000000000000000e+02 1.262002743484224969e-02 1.031559816331337087e+00
3.690000000000000000e+02 9.797157444459777056e-03 3.145459170583028707e-01
3.700000000000000000e+02 8.758620689655173194e-03 -2.778215248801454811e-03
3.710000000000000000e+02 8.415099482147723325e-03 -1.160843482026931162e-01
3.720000000000000000e+02 8.419623153963672751e-03 -1.145624295156861122e-01
3.730000000000000000e+02 9.031644710036670215e-03 8.414961591063027657e-02
3.740000000000000000e+02 9.065194424564632092e-03 9.464970334035915922e-02
3.750000000000000000e+02 9.204336265084885060e-03 1.377862191989095986e-01
3.760000000000000000e+02 8.741199278936091083e-03 -8.416619329335458394e-03
3.770000000000000000e+02 8.264743894973131805e-03 -1.671402181501159268e-01
3.780000000000000000e+02 9.805596364754518013e-03 3.169841553120533173e-01
3.790000000000000000e+02 8.175412191284120444e-03 -1.979160832047926200e-01
3.800000000000000000e+02 9.329247531494722079e-03 1.759591140379365981e-01
3.810000000000000000e+02 8.025134036813168573e-03 -2.504554660034379321e-01
3.820000000000000000e+02 8.032948704857210617e-03 -2.476991869036992144e-01
3.830000000000000000e+02 8.486658972095864964e-03 -9.210462006928696321e-02
3.840000000000000000e+02 9.606897956412520020e-03 2.590099868241192427e-01
