# t/tauB	f	error
1.000000000000000000e+00 9.286675639300134844e-01 4.486316733961417534e-04
2.000000000000000000e+00 8.798379837983798524e-01 4.500450045004500258e-04
3.000000000000000000e+00 8.541666666666666297e-01 4.844961240310077452e-04
4.000000000000000000e+00 8.317510548523207037e-01 5.274261603375526982e-04
5.000000000000000000e+00 8.283922462941847309e-01 5.701254275940707134e-04
6.000000000000000000e+00 7.959060806742925820e-01 6.020469596628537021e-04
7.000000000000000000e+00 7.639919082939986561e-01 6.743088334457181298e-04
8.000000000000000000e+00 7.429245283018868218e-01 7.861635220125786586e-04
9.000000000000000000e+00 7.459867799811142897e-01 9.442870632672332835e-04
1.000000000000000000e+01 6.613588110403396669e-01 1.061571125265392762e-03
1.100000000000000000e+01 6.511363636363636243e-01 1.136363636363636308e-03
1.200000000000000000e+01 6.795180722891566161e-01 1.204819277108433841e-03
1.300000000000000000e+01 6.209476309226932278e-01 1.246882793017456328e-03
1.400000000000000000e+01 6.296809986130375014e-01 1.386962552011095735e-03
1.500000000000000000e+01 5.975232198142415019e-01 1.547987616099071300e-03
1.600000000000000000e+01 6.557659208261618078e-01 1.721170395869191109e-03
1.700000000000000000e+01 5.828571428571428514e-01 1.904761904761904760e-03
1.800000000000000000e+01 5.881006864988558291e-01 2.288329519450800920e-03
1.900000000000000000e+01 5.013262599469495706e-01 2.652519893899204107e-03
2.000000000000000000e+01 4.785100286532951164e-01 2.865329512893982720e-03
2.100000000000000000e+01 5.313531353135313440e-01 3.300330033003300370e-03
2.200000000000000000e+01 4.880952380952380820e-01 3.968253968253968034e-03
2.300000000000000000e+01 4.713656387665198233e-01 4.405286343612335211e-03
2.400000000000000000e+01 5.627705627705628100e-01 4.329004329004329001e-03
2.500000000000000000e+01 4.933920704845815020e-01 4.405286343612335211e-03
2.600000000000000000e+01 6.451612903225806273e-01 4.608294930875576033e-03
2.700000000000000000e+01 6.303030303030302539e-01 6.060606060606060601e-03
2.800000000000000000e+01 5.120000000000000107e-01 8.000000000000000167e-03
2.900000000000000000e+01 5.234375000000000000e-01 7.812500000000000000e-03
3.000000000000000000e+01 2.999999999999999889e-01 7.692307692307692735e-03
3.100000000000000000e+01 3.796296296296296502e-01 9.259259259259258745e-03
3.200000000000000000e+01 3.909090909090909283e-01 9.090909090909090468e-03
3.300000000000000000e+01 4.500000000000000111e-01 1.000000000000000021e-02
3.400000000000000000e+01 2.970297029702970160e-01 9.900990099009901110e-03
3.500000000000000000e+01 2.970297029702970160e-01 9.900990099009901110e-03
3.600000000000000000e+01 0.000000000000000000e+00 1.492537313432835792e-02
3.700000000000000000e+01 0.000000000000000000e+00 1.492537313432835792e-02
3.800000000000000000e+01 0.000000000000000000e+00 1.492537313432835792e-02
3.900000000000000000e+01 0.000000000000000000e+00 1.538461538461538547e-02
4.000000000000000000e+01 0.000000000000000000e+00 3.030303030303030387e-02
4.100000000000000000e+01 0.000000000000000000e+00 3.030303030303030387e-02
4.200000000000000000e+01 5.000000000000000000e-01 2.941176470588235253e-02
4.300000000000000000e+01 5.000000000000000000e-01 2.941176470588235253e-02
4.400000000000000000e+01 0.000000000000000000e+00 5.882352941176470507e-02
